1.700000e+02	1.200000e+02	-9.339248e+02
1.700000e+02	1.202500e+02	-1.026835e+03
1.700000e+02	1.205000e+02	-1.136481e+03
1.700000e+02	1.207500e+02	-1.267815e+03
1.700000e+02	1.210000e+02	-1.427956e+03
1.700000e+02	1.212500e+02	-1.627503e+03
1.700000e+02	1.215000e+02	-1.882967e+03
1.700000e+02	1.217500e+02	-2.221519e+03
1.700000e+02	1.220000e+02	-2.691214e+03
1.700000e+02	1.222500e+02	-3.385630e+03
1.700000e+02	1.225000e+02	-4.514270e+03
1.700000e+02	1.227500e+02	-6.661019e+03
1.700000e+02	1.230000e+02	-1.000000e+10
1.700000e+02	1.232500e+02	-1.000000e+10
1.700000e+02	1.235000e+02	-1.000000e+10
1.700000e+02	1.237500e+02	-1.000000e+10
1.700000e+02	1.240000e+02	-1.000000e+10
1.700000e+02	1.242500e+02	-1.000000e+10
1.700000e+02	1.245000e+02	-1.000000e+10
1.700000e+02	1.247500e+02	-1.000000e+10
1.700000e+02	1.250000e+02	-1.000000e+10
1.700000e+02	1.252500e+02	-1.000000e+10
1.700000e+02	1.255000e+02	-1.000000e+10
1.700000e+02	1.257500e+02	-1.000000e+10
1.700000e+02	1.260000e+02	-1.000000e+10
1.700000e+02	1.262500e+02	-1.000000e+10
1.700000e+02	1.265000e+02	-1.000000e+10
1.700000e+02	1.267500e+02	-1.000000e+10
1.700000e+02	1.270000e+02	-1.000000e+10
1.700000e+02	1.272500e+02	-1.000000e+10
1.700000e+02	1.275000e+02	-1.000000e+10
1.700000e+02	1.277500e+02	-1.000000e+10
1.700000e+02	1.280000e+02	-1.000000e+10
1.700000e+02	1.282500e+02	-1.000000e+10
1.700000e+02	1.285000e+02	-1.000000e+10
1.700000e+02	1.287500e+02	-1.000000e+10
1.700000e+02	1.290000e+02	-1.000000e+10
1.700000e+02	1.292500e+02	-1.000000e+10
1.700000e+02	1.295000e+02	-1.000000e+10
1.700000e+02	1.297500e+02	-1.000000e+10
1.700000e+02	1.300000e+02	-1.000000e+10
1.702500e+02	1.200000e+02	-7.793900e+02
1.702500e+02	1.202500e+02	-8.481904e+02
1.702500e+02	1.205000e+02	-9.275082e+02
1.702500e+02	1.207500e+02	-1.019948e+03
1.702500e+02	1.210000e+02	-1.129049e+03
1.702500e+02	1.212500e+02	-1.259749e+03
1.702500e+02	1.215000e+02	-1.419138e+03
1.702500e+02	1.217500e+02	-1.617789e+03
1.702500e+02	1.220000e+02	-1.872171e+03
1.702500e+02	1.222500e+02	-2.209392e+03
1.702500e+02	1.225000e+02	-2.677504e+03
1.702500e+02	1.227500e+02	-3.370310e+03
1.702500e+02	1.230000e+02	-4.500118e+03
1.702500e+02	1.232500e+02	-6.659929e+03
1.702500e+02	1.235000e+02	-1.000000e+10
1.702500e+02	1.237500e+02	-1.000000e+10
1.702500e+02	1.240000e+02	-1.000000e+10
1.702500e+02	1.242500e+02	-1.000000e+10
1.702500e+02	1.245000e+02	-1.000000e+10
1.702500e+02	1.247500e+02	-1.000000e+10
1.702500e+02	1.250000e+02	-1.000000e+10
1.702500e+02	1.252500e+02	-1.000000e+10
1.702500e+02	1.255000e+02	-1.000000e+10
1.702500e+02	1.257500e+02	-1.000000e+10
1.702500e+02	1.260000e+02	-1.000000e+10
1.702500e+02	1.262500e+02	-1.000000e+10
1.702500e+02	1.265000e+02	-1.000000e+10
1.702500e+02	1.267500e+02	-1.000000e+10
1.702500e+02	1.270000e+02	-1.000000e+10
1.702500e+02	1.272500e+02	-1.000000e+10
1.702500e+02	1.275000e+02	-1.000000e+10
1.702500e+02	1.277500e+02	-1.000000e+10
1.702500e+02	1.280000e+02	-1.000000e+10
1.702500e+02	1.282500e+02	-1.000000e+10
1.702500e+02	1.285000e+02	-1.000000e+10
1.702500e+02	1.287500e+02	-1.000000e+10
1.702500e+02	1.290000e+02	-1.000000e+10
1.702500e+02	1.292500e+02	-1.000000e+10
1.702500e+02	1.295000e+02	-1.000000e+10
1.702500e+02	1.297500e+02	-1.000000e+10
1.702500e+02	1.300000e+02	-1.000000e+10
1.705000e+02	1.200000e+02	-6.603602e+02
1.705000e+02	1.202500e+02	-7.131881e+02
1.705000e+02	1.205000e+02	-7.730250e+02
1.705000e+02	1.207500e+02	-8.413611e+02
1.705000e+02	1.210000e+02	-9.201412e+02
1.705000e+02	1.212500e+02	-1.011952e+03
1.705000e+02	1.215000e+02	-1.120306e+03
1.705000e+02	1.217500e+02	-1.250109e+03
1.705000e+02	1.220000e+02	-1.408393e+03
1.705000e+02	1.222500e+02	-1.605678e+03
1.705000e+02	1.225000e+02	-1.858269e+03
1.705000e+02	1.227500e+02	-2.193243e+03
1.705000e+02	1.230000e+02	-2.658492e+03
1.705000e+02	1.232500e+02	-3.347662e+03
1.705000e+02	1.235000e+02	-4.474503e+03
1.705000e+02	1.237500e+02	-6.635019e+03
1.705000e+02	1.240000e+02	-1.000000e+10
1.705000e+02	1.242500e+02	-1.000000e+10
1.705000e+02	1.245000e+02	-1.000000e+10
1.705000e+02	1.247500e+02	-1.000000e+10
1.705000e+02	1.250000e+02	-1.000000e+10
1.705000e+02	1.252500e+02	-1.000000e+10
1.705000e+02	1.255000e+02	-1.000000e+10
1.705000e+02	1.257500e+02	-1.000000e+10
1.705000e+02	1.260000e+02	-1.000000e+10
1.705000e+02	1.262500e+02	-1.000000e+10
1.705000e+02	1.265000e+02	-1.000000e+10
1.705000e+02	1.267500e+02	-1.000000e+10
1.705000e+02	1.270000e+02	-1.000000e+10
1.705000e+02	1.272500e+02	-1.000000e+10
1.705000e+02	1.275000e+02	-1.000000e+10
1.705000e+02	1.277500e+02	-1.000000e+10
1.705000e+02	1.280000e+02	-1.000000e+10
1.705000e+02	1.282500e+02	-1.000000e+10
1.705000e+02	1.285000e+02	-1.000000e+10
1.705000e+02	1.287500e+02	-1.000000e+10
1.705000e+02	1.290000e+02	-1.000000e+10
1.705000e+02	1.292500e+02	-1.000000e+10
1.705000e+02	1.295000e+02	-1.000000e+10
1.705000e+02	1.297500e+02	-1.000000e+10
1.705000e+02	1.300000e+02	-1.000000e+10
1.707500e+02	1.200000e+02	-5.658723e+02
1.707500e+02	1.202500e+02	-6.075938e+02
1.707500e+02	1.205000e+02	-6.542009e+02
1.707500e+02	1.207500e+02	-7.066040e+02
1.707500e+02	1.210000e+02	-7.659533e+02
1.707500e+02	1.212500e+02	-8.337273e+02
1.707500e+02	1.215000e+02	-9.118467e+02
1.707500e+02	1.217500e+02	-1.002882e+03
1.707500e+02	1.220000e+02	-1.110295e+03
1.707500e+02	1.222500e+02	-1.238975e+03
1.707500e+02	1.225000e+02	-1.395831e+03
1.707500e+02	1.227500e+02	-1.591395e+03
1.707500e+02	1.230000e+02	-1.841625e+03
1.707500e+02	1.232500e+02	-2.173697e+03
1.707500e+02	1.235000e+02	-2.635019e+03
1.707500e+02	1.237500e+02	-3.318455e+03
1.707500e+02	1.240000e+02	-4.437761e+03
1.707500e+02	1.242500e+02	-6.586270e+03
1.707500e+02	1.245000e+02	-1.000000e+10
1.707500e+02	1.247500e+02	-1.000000e+10
1.707500e+02	1.250000e+02	-1.000000e+10
1.707500e+02	1.252500e+02	-1.000000e+10
1.707500e+02	1.255000e+02	-1.000000e+10
1.707500e+02	1.257500e+02	-1.000000e+10
1.707500e+02	1.260000e+02	-1.000000e+10
1.707500e+02	1.262500e+02	-1.000000e+10
1.707500e+02	1.265000e+02	-1.000000e+10
1.707500e+02	1.267500e+02	-1.000000e+10
1.707500e+02	1.270000e+02	-1.000000e+10
1.707500e+02	1.272500e+02	-1.000000e+10
1.707500e+02	1.275000e+02	-1.000000e+10
1.707500e+02	1.277500e+02	-1.000000e+10
1.707500e+02	1.280000e+02	-1.000000e+10
1.707500e+02	1.282500e+02	-1.000000e+10
1.707500e+02	1.285000e+02	-1.000000e+10
1.707500e+02	1.287500e+02	-1.000000e+10
1.707500e+02	1.290000e+02	-1.000000e+10
1.707500e+02	1.292500e+02	-1.000000e+10
1.707500e+02	1.295000e+02	-1.000000e+10
1.707500e+02	1.297500e+02	-1.000000e+10
1.707500e+02	1.300000e+02	-1.000000e+10
1.710000e+02	1.200000e+02	-4.890532e+02
1.710000e+02	1.202500e+02	-5.227511e+02
1.710000e+02	1.205000e+02	-5.599792e+02
1.710000e+02	1.207500e+02	-6.013219e+02
1.710000e+02	1.210000e+02	-6.475032e+02
1.710000e+02	1.212500e+02	-6.994160e+02
1.710000e+02	1.215000e+02	-7.581996e+02
1.710000e+02	1.217500e+02	-8.253249e+02
1.710000e+02	1.220000e+02	-9.026702e+02
1.710000e+02	1.222500e+02	-9.928124e+02
1.710000e+02	1.225000e+02	-1.099117e+03
1.710000e+02	1.227500e+02	-1.226514e+03
1.710000e+02	1.230000e+02	-1.381681e+03
1.710000e+02	1.232500e+02	-1.575265e+03
1.710000e+02	1.235000e+02	-1.822658e+03
1.710000e+02	1.237500e+02	-2.151191e+03
1.710000e+02	1.240000e+02	-2.607449e+03
1.710000e+02	1.242500e+02	-3.283041e+03
1.710000e+02	1.245000e+02	-4.390257e+03
1.710000e+02	1.247500e+02	-6.514156e+03
1.710000e+02	1.250000e+02	-1.000000e+10
1.710000e+02	1.252500e+02	-1.000000e+10
1.710000e+02	1.255000e+02	-1.000000e+10
1.710000e+02	1.257500e+02	-1.000000e+10
1.710000e+02	1.260000e+02	-1.000000e+10
1.710000e+02	1.262500e+02	-1.000000e+10
1.710000e+02	1.265000e+02	-1.000000e+10
1.710000e+02	1.267500e+02	-1.000000e+10
1.710000e+02	1.270000e+02	-1.000000e+10
1.710000e+02	1.272500e+02	-1.000000e+10
1.710000e+02	1.275000e+02	-1.000000e+10
1.710000e+02	1.277500e+02	-1.000000e+10
1.710000e+02	1.280000e+02	-1.000000e+10
1.710000e+02	1.282500e+02	-1.000000e+10
1.710000e+02	1.285000e+02	-1.000000e+10
1.710000e+02	1.287500e+02	-1.000000e+10
1.710000e+02	1.290000e+02	-1.000000e+10
1.710000e+02	1.292500e+02	-1.000000e+10
1.710000e+02	1.295000e+02	-1.000000e+10
1.710000e+02	1.297500e+02	-1.000000e+10
1.710000e+02	1.300000e+02	-1.000000e+10
1.712500e+02	1.200000e+02	-4.253742e+02
1.712500e+02	1.202500e+02	-4.530957e+02
1.712500e+02	1.205000e+02	-4.834466e+02
1.712500e+02	1.207500e+02	-5.168115e+02
1.712500e+02	1.210000e+02	-5.536658e+02
1.712500e+02	1.212500e+02	-5.945859e+02
1.712500e+02	1.215000e+02	-6.402958e+02
1.712500e+02	1.217500e+02	-6.916593e+02
1.712500e+02	1.220000e+02	-7.498072e+02
1.712500e+02	1.222500e+02	-8.162191e+02
1.712500e+02	1.225000e+02	-8.926948e+02
1.712500e+02	1.227500e+02	-9.818621e+02
1.712500e+02	1.230000e+02	-1.086921e+03
1.712500e+02	1.232500e+02	-1.212910e+03
1.712500e+02	1.235000e+02	-1.366167e+03
1.712500e+02	1.237500e+02	-1.557502e+03
1.712500e+02	1.240000e+02	-1.801615e+03
1.712500e+02	1.242500e+02	-2.125941e+03
1.712500e+02	1.245000e+02	-2.576018e+03
1.712500e+02	1.247500e+02	-3.241723e+03
1.712500e+02	1.250000e+02	-4.332422e+03
1.712500e+02	1.252500e+02	-6.419627e+03
1.712500e+02	1.255000e+02	-1.000000e+10
1.712500e+02	1.257500e+02	-1.000000e+10
1.712500e+02	1.260000e+02	-1.000000e+10
1.712500e+02	1.262500e+02	-1.000000e+10
1.712500e+02	1.265000e+02	-1.000000e+10
1.712500e+02	1.267500e+02	-1.000000e+10
1.712500e+02	1.270000e+02	-1.000000e+10
1.712500e+02	1.272500e+02	-1.000000e+10
1.712500e+02	1.275000e+02	-1.000000e+10
1.712500e+02	1.277500e+02	-1.000000e+10
1.712500e+02	1.280000e+02	-1.000000e+10
1.712500e+02	1.282500e+02	-1.000000e+10
1.712500e+02	1.285000e+02	-1.000000e+10
1.712500e+02	1.287500e+02	-1.000000e+10
1.712500e+02	1.290000e+02	-1.000000e+10
1.712500e+02	1.292500e+02	-1.000000e+10
1.712500e+02	1.295000e+02	-1.000000e+10
1.712500e+02	1.297500e+02	-1.000000e+10
1.712500e+02	1.300000e+02	-1.000000e+10
1.715000e+02	1.200000e+02	-3.717359e+02
1.715000e+02	1.202500e+02	-3.948923e+02
1.715000e+02	1.205000e+02	-4.200496e+02
1.715000e+02	1.207500e+02	-4.474783e+02
1.715000e+02	1.210000e+02	-4.775104e+02
1.715000e+02	1.212500e+02	-5.105125e+02
1.715000e+02	1.215000e+02	-5.469589e+02
1.715000e+02	1.217500e+02	-5.874174e+02
1.715000e+02	1.220000e+02	-6.326226e+02
1.715000e+02	1.222500e+02	-6.833871e+02
1.715000e+02	1.225000e+02	-7.408412e+02
1.715000e+02	1.227500e+02	-8.064934e+02
1.715000e+02	1.230000e+02	-8.820214e+02
1.715000e+02	1.232500e+02	-9.701443e+02
1.715000e+02	1.235000e+02	-1.073841e+03
1.715000e+02	1.237500e+02	-1.197885e+03
1.715000e+02	1.240000e+02	-1.349429e+03
1.715000e+02	1.242500e+02	-1.538234e+03
1.715000e+02	1.245000e+02	-1.778642e+03
1.715000e+02	1.247500e+02	-2.098116e+03
1.715000e+02	1.250000e+02	-2.540955e+03
1.715000e+02	1.252500e+02	-3.194839e+03
1.715000e+02	1.255000e+02	-4.264837e+03
1.715000e+02	1.257500e+02	-6.304088e+03
1.715000e+02	1.260000e+02	-1.000000e+10
1.715000e+02	1.262500e+02	-1.000000e+10
1.715000e+02	1.265000e+02	-1.000000e+10
1.715000e+02	1.267500e+02	-1.000000e+10
1.715000e+02	1.270000e+02	-1.000000e+10
1.715000e+02	1.272500e+02	-1.000000e+10
1.715000e+02	1.275000e+02	-1.000000e+10
1.715000e+02	1.277500e+02	-1.000000e+10
1.715000e+02	1.280000e+02	-1.000000e+10
1.715000e+02	1.282500e+02	-1.000000e+10
1.715000e+02	1.285000e+02	-1.000000e+10
1.715000e+02	1.287500e+02	-1.000000e+10
1.715000e+02	1.290000e+02	-1.000000e+10
1.715000e+02	1.292500e+02	-1.000000e+10
1.715000e+02	1.295000e+02	-1.000000e+10
1.715000e+02	1.297500e+02	-1.000000e+10
1.715000e+02	1.300000e+02	-1.000000e+10
1.717500e+02	1.200000e+02	-3.259343e+02
1.717500e+02	1.202500e+02	-3.455355e+02
1.717500e+02	1.205000e+02	-3.666864e+02
1.717500e+02	1.207500e+02	-3.895860e+02
1.717500e+02	1.210000e+02	-4.144600e+02
1.717500e+02	1.212500e+02	-4.415748e+02
1.717500e+02	1.215000e+02	-4.712710e+02
1.717500e+02	1.217500e+02	-5.038851e+02
1.717500e+02	1.220000e+02	-5.398950e+02
1.717500e+02	1.222500e+02	-5.798594e+02
1.717500e+02	1.225000e+02	-6.245357e+02
1.717500e+02	1.227500e+02	-6.746601e+02
1.717500e+02	1.230000e+02	-7.313723e+02
1.717500e+02	1.232500e+02	-7.962235e+02
1.717500e+02	1.235000e+02	-8.707353e+02
1.717500e+02	1.237500e+02	-9.574372e+02
1.717500e+02	1.240000e+02	-1.059966e+03
1.717500e+02	1.242500e+02	-1.182172e+03
1.717500e+02	1.245000e+02	-1.331559e+03
1.717500e+02	1.247500e+02	-1.517559e+03
1.717500e+02	1.250000e+02	-1.753864e+03
1.717500e+02	1.252500e+02	-2.067880e+03
1.717500e+02	1.255000e+02	-2.502480e+03
1.717500e+02	1.257500e+02	-3.142737e+03
1.717500e+02	1.260000e+02	-4.188199e+03
1.717500e+02	1.262500e+02	-6.169308e+03
1.717500e+02	1.265000e+02	-1.000000e+10
1.717500e+02	1.267500e+02	-1.000000e+10
1.717500e+02	1.270000e+02	-1.000000e+10
1.717500e+02	1.272500e+02	-1.000000e+10
1.717500e+02	1.275000e+02	-1.000000e+10
1.717500e+02	1.277500e+02	-1.000000e+10
1.717500e+02	1.280000e+02	-1.000000e+10
1.717500e+02	1.282500e+02	-1.000000e+10
1.717500e+02	1.285000e+02	-1.000000e+10
1.717500e+02	1.287500e+02	-1.000000e+10
1.717500e+02	1.290000e+02	-1.000000e+10
1.717500e+02	1.292500e+02	-1.000000e+10
1.717500e+02	1.295000e+02	-1.000000e+10
1.717500e+02	1.297500e+02	-1.000000e+10
1.717500e+02	1.300000e+02	-1.000000e+10
1.720000e+02	1.200000e+02	-2.863793e+02
1.720000e+02	1.202500e+02	-3.031437e+02
1.720000e+02	1.205000e+02	-3.211392e+02
1.720000e+02	1.207500e+02	-3.405061e+02
1.720000e+02	1.210000e+02	-3.614254e+02
1.720000e+02	1.212500e+02	-3.840536e+02
1.720000e+02	1.215000e+02	-4.086283e+02
1.720000e+02	1.217500e+02	-4.354117e+02
1.720000e+02	1.220000e+02	-4.647596e+02
1.720000e+02	1.222500e+02	-4.969644e+02
1.720000e+02	1.225000e+02	-5.325139e+02
1.720000e+02	1.227500e+02	-5.719570e+02
1.720000e+02	1.230000e+02	-6.160833e+02
1.720000e+02	1.232500e+02	-6.655317e+02
1.720000e+02	1.235000e+02	-7.214592e+02
1.720000e+02	1.237500e+02	-7.854667e+02
1.720000e+02	1.240000e+02	-8.588982e+02
1.720000e+02	1.242500e+02	-9.442975e+02
1.720000e+02	1.245000e+02	-1.045358e+03
1.720000e+02	1.247500e+02	-1.165589e+03
1.720000e+02	1.250000e+02	-1.312632e+03
1.720000e+02	1.252500e+02	-1.495566e+03
1.720000e+02	1.255000e+02	-1.727407e+03
1.720000e+02	1.257500e+02	-2.035401e+03
1.720000e+02	1.260000e+02	-2.460834e+03
1.720000e+02	1.262500e+02	-3.085823e+03
1.720000e+02	1.265000e+02	-4.103303e+03
1.720000e+02	1.267500e+02	-6.017438e+03
1.720000e+02	1.270000e+02	-1.000000e+10
1.720000e+02	1.272500e+02	-1.000000e+10
1.720000e+02	1.275000e+02	-1.000000e+10
1.720000e+02	1.277500e+02	-1.000000e+10
1.720000e+02	1.280000e+02	-1.000000e+10
1.720000e+02	1.282500e+02	-1.000000e+10
1.720000e+02	1.285000e+02	-1.000000e+10
1.720000e+02	1.287500e+02	-1.000000e+10
1.720000e+02	1.290000e+02	-1.000000e+10
1.720000e+02	1.292500e+02	-1.000000e+10
1.720000e+02	1.295000e+02	-1.000000e+10
1.720000e+02	1.297500e+02	-1.000000e+10
1.720000e+02	1.300000e+02	-1.000000e+10
1.722500e+02	1.200000e+02	-2.518753e+02
1.722500e+02	1.202500e+02	-2.663573e+02
1.722500e+02	1.205000e+02	-2.818281e+02
1.722500e+02	1.207500e+02	-2.983924e+02
1.722500e+02	1.210000e+02	-3.161703e+02
1.722500e+02	1.212500e+02	-3.352998e+02
1.722500e+02	1.215000e+02	-3.559731e+02
1.722500e+02	1.217500e+02	-3.783177e+02
1.722500e+02	1.220000e+02	-4.025797e+02
1.722500e+02	1.222500e+02	-4.290166e+02
1.722500e+02	1.225000e+02	-4.580062e+02
1.722500e+02	1.227500e+02	-4.897835e+02
1.722500e+02	1.230000e+02	-5.248518e+02
1.722500e+02	1.232500e+02	-5.637497e+02
1.722500e+02	1.235000e+02	-6.073043e+02
1.722500e+02	1.237500e+02	-6.560437e+02
1.722500e+02	1.240000e+02	-7.111468e+02
1.722500e+02	1.242500e+02	-7.742657e+02
1.722500e+02	1.245000e+02	-8.465561e+02
1.722500e+02	1.247500e+02	-9.305762e+02
1.722500e+02	1.250000e+02	-1.030070e+03
1.722500e+02	1.252500e+02	-1.148197e+03
1.722500e+02	1.255000e+02	-1.292722e+03
1.722500e+02	1.257500e+02	-1.472347e+03
1.722500e+02	1.260000e+02	-1.699389e+03
1.722500e+02	1.262500e+02	-2.000839e+03
1.722500e+02	1.265000e+02	-2.416273e+03
1.722500e+02	1.267500e+02	-3.024534e+03
1.722500e+02	1.270000e+02	-4.011015e+03
1.722500e+02	1.272500e+02	-5.850832e+03
1.722500e+02	1.275000e+02	-1.000000e+10
1.722500e+02	1.277500e+02	-1.000000e+10
1.722500e+02	1.280000e+02	-1.000000e+10
1.722500e+02	1.282500e+02	-1.000000e+10
1.722500e+02	1.285000e+02	-1.000000e+10
1.722500e+02	1.287500e+02	-1.000000e+10
1.722500e+02	1.290000e+02	-1.000000e+10
1.722500e+02	1.292500e+02	-1.000000e+10
1.722500e+02	1.295000e+02	-1.000000e+10
1.722500e+02	1.297500e+02	-1.000000e+10
1.722500e+02	1.300000e+02	-1.000000e+10
1.725000e+02	1.200000e+02	-2.215003e+02
1.725000e+02	1.202500e+02	-2.341142e+02
1.725000e+02	1.205000e+02	-2.475326e+02
1.725000e+02	1.207500e+02	-2.618568e+02
1.725000e+02	1.210000e+02	-2.771360e+02
1.725000e+02	1.212500e+02	-2.934927e+02
1.725000e+02	1.215000e+02	-3.110447e+02
1.725000e+02	1.217500e+02	-3.299278e+02
1.725000e+02	1.220000e+02	-3.503497e+02
1.725000e+02	1.222500e+02	-3.724003e+02
1.725000e+02	1.225000e+02	-3.963380e+02
1.725000e+02	1.227500e+02	-4.224155e+02
1.725000e+02	1.230000e+02	-4.509330e+02
1.725000e+02	1.232500e+02	-4.823701e+02
1.725000e+02	1.235000e+02	-5.169383e+02
1.725000e+02	1.237500e+02	-5.552689e+02
1.725000e+02	1.240000e+02	-5.982294e+02
1.725000e+02	1.242500e+02	-6.462284e+02
1.725000e+02	1.245000e+02	-7.004697e+02
1.725000e+02	1.247500e+02	-7.626547e+02
1.725000e+02	1.250000e+02	-8.337466e+02
1.725000e+02	1.252500e+02	-9.163160e+02
1.725000e+02	1.255000e+02	-1.014150e+03
1.725000e+02	1.257500e+02	-1.130055e+03
1.725000e+02	1.260000e+02	-1.271900e+03
1.725000e+02	1.262500e+02	-1.446244e+03
1.725000e+02	1.265000e+02	-1.669933e+03
1.725000e+02	1.267500e+02	-1.964366e+03
1.725000e+02	1.270000e+02	-2.369064e+03
1.725000e+02	1.272500e+02	-2.959324e+03
1.725000e+02	1.275000e+02	-3.898208e+03
1.725000e+02	1.277500e+02	-5.642360e+03
1.725000e+02	1.280000e+02	-1.000000e+10
1.725000e+02	1.282500e+02	-1.000000e+10
1.725000e+02	1.285000e+02	-1.000000e+10
1.725000e+02	1.287500e+02	-1.000000e+10
1.725000e+02	1.290000e+02	-1.000000e+10
1.725000e+02	1.292500e+02	-1.000000e+10
1.725000e+02	1.295000e+02	-1.000000e+10
1.725000e+02	1.297500e+02	-1.000000e+10
1.725000e+02	1.300000e+02	-1.000000e+10
1.727500e+02	1.200000e+02	-1.945784e+02
1.727500e+02	1.202500e+02	-2.056481e+02
1.727500e+02	1.205000e+02	-2.173801e+02
1.727500e+02	1.207500e+02	-2.298356e+02
1.727500e+02	1.210000e+02	-2.430835e+02
1.727500e+02	1.212500e+02	-2.572355e+02
1.727500e+02	1.215000e+02	-2.723173e+02
1.727500e+02	1.217500e+02	-2.884598e+02
1.727500e+02	1.220000e+02	-3.057789e+02
1.727500e+02	1.222500e+02	-3.244080e+02
1.727500e+02	1.225000e+02	-3.445733e+02
1.727500e+02	1.227500e+02	-3.663207e+02
1.727500e+02	1.230000e+02	-3.899238e+02
1.727500e+02	1.232500e+02	-4.156303e+02
1.727500e+02	1.235000e+02	-4.437344e+02
1.727500e+02	1.237500e+02	-4.747470e+02
1.727500e+02	1.240000e+02	-5.087974e+02
1.727500e+02	1.242500e+02	-5.465401e+02
1.727500e+02	1.245000e+02	-5.886091e+02
1.727500e+02	1.247500e+02	-6.361125e+02
1.727500e+02	1.250000e+02	-6.894566e+02
1.727500e+02	1.252500e+02	-7.501818e+02
1.727500e+02	1.255000e+02	-8.205041e+02
1.727500e+02	1.257500e+02	-9.015569e+02
1.727500e+02	1.260000e+02	-9.976435e+02
1.727500e+02	1.262500e+02	-1.111220e+03
1.727500e+02	1.265000e+02	-1.250237e+03
1.727500e+02	1.267500e+02	-1.420642e+03
1.727500e+02	1.270000e+02	-1.639167e+03
1.727500e+02	1.272500e+02	-1.926172e+03
1.727500e+02	1.275000e+02	-2.319478e+03
1.727500e+02	1.277500e+02	-2.890691e+03
1.727500e+02	1.280000e+02	-3.793276e+03
1.727500e+02	1.282500e+02	-5.453025e+03
1.727500e+02	1.285000e+02	-1.000000e+10
1.727500e+02	1.287500e+02	-1.000000e+10
1.727500e+02	1.290000e+02	-1.000000e+10
1.727500e+02	1.292500e+02	-1.000000e+10
1.727500e+02	1.295000e+02	-1.000000e+10
1.727500e+02	1.297500e+02	-1.000000e+10
1.727500e+02	1.300000e+02	-1.000000e+10
1.730000e+02	1.200000e+02	-1.705463e+02
1.730000e+02	1.202500e+02	-1.803249e+02
1.730000e+02	1.205000e+02	-1.906543e+02
1.730000e+02	1.207500e+02	-2.015825e+02
1.730000e+02	1.210000e+02	-2.131630e+02
1.730000e+02	1.212500e+02	-2.254558e+02
1.730000e+02	1.215000e+02	-2.385288e+02
1.730000e+02	1.217500e+02	-2.525062e+02
1.730000e+02	1.220000e+02	-2.673852e+02
1.730000e+02	1.222500e+02	-2.833079e+02
1.730000e+02	1.225000e+02	-3.003880e+02
1.730000e+02	1.227500e+02	-3.187563e+02
1.730000e+02	1.230000e+02	-3.385641e+02
1.730000e+02	1.232500e+02	-3.600954e+02
1.730000e+02	1.235000e+02	-3.833544e+02
1.730000e+02	1.237500e+02	-4.086792e+02
1.730000e+02	1.240000e+02	-4.363576e+02
1.730000e+02	1.242500e+02	-4.669328e+02
1.730000e+02	1.245000e+02	-5.004488e+02
1.730000e+02	1.247500e+02	-5.375843e+02
1.730000e+02	1.250000e+02	-5.789578e+02
1.730000e+02	1.252500e+02	-6.257193e+02
1.730000e+02	1.255000e+02	-6.781333e+02
1.730000e+02	1.257500e+02	-7.377615e+02
1.730000e+02	1.260000e+02	-8.068611e+02
1.730000e+02	1.262500e+02	-8.863375e+02
1.730000e+02	1.265000e+02	-9.805974e+02
1.730000e+02	1.267500e+02	-1.091749e+03
1.730000e+02	1.270000e+02	-1.227806e+03
1.730000e+02	1.272500e+02	-1.394104e+03
1.730000e+02	1.275000e+02	-1.607213e+03
1.730000e+02	1.277500e+02	-1.886435e+03
1.730000e+02	1.280000e+02	-2.267814e+03
1.730000e+02	1.282500e+02	-2.819106e+03
1.730000e+02	1.285000e+02	-3.683977e+03
1.730000e+02	1.287500e+02	-5.256724e+03
1.730000e+02	1.290000e+02	-1.000000e+10
1.730000e+02	1.292500e+02	-1.000000e+10
1.730000e+02	1.295000e+02	-1.000000e+10
1.730000e+02	1.297500e+02	-1.000000e+10
1.730000e+02	1.300000e+02	-1.000000e+10
1.732500e+02	1.200000e+02	-1.489397e+02
1.732500e+02	1.202500e+02	-1.576265e+02
1.732500e+02	1.205000e+02	-1.668042e+02
1.732500e+02	1.207500e+02	-1.764559e+02
1.732500e+02	1.210000e+02	-1.866501e+02
1.732500e+02	1.212500e+02	-1.974336e+02
1.732500e+02	1.215000e+02	-2.088591e+02
1.732500e+02	1.217500e+02	-2.209856e+02
1.732500e+02	1.220000e+02	-2.338796e+02
1.732500e+02	1.222500e+02	-2.476800e+02
1.732500e+02	1.225000e+02	-2.623517e+02
1.732500e+02	1.227500e+02	-2.780495e+02
1.732500e+02	1.230000e+02	-2.948849e+02
1.732500e+02	1.232500e+02	-3.129861e+02
1.732500e+02	1.235000e+02	-3.325013e+02
1.732500e+02	1.237500e+02	-3.537384e+02
1.732500e+02	1.240000e+02	-3.766444e+02
1.732500e+02	1.242500e+02	-4.015774e+02
1.732500e+02	1.245000e+02	-4.288187e+02
1.732500e+02	1.247500e+02	-4.589436e+02
1.732500e+02	1.250000e+02	-4.919098e+02
1.732500e+02	1.252500e+02	-5.284200e+02
1.732500e+02	1.255000e+02	-5.690769e+02
1.732500e+02	1.257500e+02	-6.150701e+02
1.732500e+02	1.260000e+02	-6.665241e+02
1.732500e+02	1.262500e+02	-7.250194e+02
1.732500e+02	1.265000e+02	-7.928497e+02
1.732500e+02	1.267500e+02	-8.706960e+02
1.732500e+02	1.270000e+02	-9.630575e+02
1.732500e+02	1.272500e+02	-1.071701e+03
1.732500e+02	1.275000e+02	-1.204679e+03
1.732500e+02	1.277500e+02	-1.366725e+03
1.732500e+02	1.280000e+02	-1.574207e+03
1.732500e+02	1.282500e+02	-1.845341e+03
1.732500e+02	1.285000e+02	-2.214352e+03
1.732500e+02	1.287500e+02	-2.745067e+03
1.732500e+02	1.290000e+02	-3.571265e+03
1.732500e+02	1.292500e+02	-5.055839e+03
1.732500e+02	1.295000e+02	-1.000000e+10
1.732500e+02	1.297500e+02	-1.000000e+10
1.732500e+02	1.300000e+02	-1.000000e+10
1.735000e+02	1.200000e+02	-1.294479e+02
1.735000e+02	1.202500e+02	-1.372074e+02
1.735000e+02	1.205000e+02	-1.453579e+02
1.735000e+02	1.207500e+02	-1.539299e+02
1.735000e+02	1.210000e+02	-1.629567e+02
1.735000e+02	1.212500e+02	-1.725178e+02
1.735000e+02	1.215000e+02	-1.825739e+02
1.735000e+02	1.217500e+02	-1.932100e+02
1.735000e+02	1.220000e+02	-2.044776e+02
1.735000e+02	1.222500e+02	-2.164345e+02
1.735000e+02	1.225000e+02	-2.291460e+02
1.735000e+02	1.227500e+02	-2.426858e+02
1.735000e+02	1.230000e+02	-2.572268e+02
1.735000e+02	1.232500e+02	-2.726951e+02
1.735000e+02	1.235000e+02	-2.892808e+02
1.735000e+02	1.237500e+02	-3.071092e+02
1.735000e+02	1.240000e+02	-3.263253e+02
1.735000e+02	1.242500e+02	-3.472616e+02
1.735000e+02	1.245000e+02	-3.698063e+02
1.735000e+02	1.247500e+02	-3.943382e+02
1.735000e+02	1.250000e+02	-4.211318e+02
1.735000e+02	1.252500e+02	-4.507937e+02
1.735000e+02	1.255000e+02	-4.831958e+02
1.735000e+02	1.257500e+02	-5.190641e+02
1.735000e+02	1.260000e+02	-5.589853e+02
1.735000e+02	1.262500e+02	-6.041857e+02
1.735000e+02	1.265000e+02	-6.546526e+02
1.735000e+02	1.267500e+02	-7.119827e+02
1.735000e+02	1.270000e+02	-7.785016e+02
1.735000e+02	1.272500e+02	-8.546704e+02
1.735000e+02	1.275000e+02	-9.450694e+02
1.735000e+02	1.277500e+02	-1.051130e+03
1.735000e+02	1.280000e+02	-1.180926e+03
1.735000e+02	1.282500e+02	-1.338594e+03
1.735000e+02	1.285000e+02	-1.540275e+03
1.735000e+02	1.287500e+02	-1.803069e+03
1.735000e+02	1.290000e+02	-2.159372e+03
1.735000e+02	1.292500e+02	-2.669053e+03
1.735000e+02	1.295000e+02	-3.456055e+03
1.735000e+02	1.297500e+02	-4.852520e+03
1.735000e+02	1.300000e+02	-1.000000e+10
1.737500e+02	1.200000e+02	-1.117610e+02
1.737500e+02	1.202500e+02	-1.187253e+02
1.737500e+02	1.205000e+02	-1.260230e+02
1.737500e+02	1.207500e+02	-1.336786e+02
1.737500e+02	1.210000e+02	-1.417192e+02
1.737500e+02	1.212500e+02	-1.501744e+02
1.737500e+02	1.215000e+02	-1.590771e+02
1.737500e+02	1.217500e+02	-1.685176e+02
1.737500e+02	1.220000e+02	-1.784335e+02
1.737500e+02	1.222500e+02	-1.889195e+02
1.737500e+02	1.225000e+02	-2.000264e+02
1.737500e+02	1.227500e+02	-2.118108e+02
1.737500e+02	1.230000e+02	-2.243367e+02
1.737500e+02	1.232500e+02	-2.376761e+02
1.737500e+02	1.235000e+02	-2.520197e+02
1.737500e+02	1.237500e+02	-2.672541e+02
1.737500e+02	1.240000e+02	-2.835851e+02
1.737500e+02	1.242500e+02	-3.011355e+02
1.737500e+02	1.245000e+02	-3.200467e+02
1.737500e+02	1.247500e+02	-3.406756e+02
1.737500e+02	1.250000e+02	-3.628515e+02
1.737500e+02	1.252500e+02	-3.869736e+02
1.737500e+02	1.255000e+02	-4.133096e+02
1.737500e+02	1.257500e+02	-4.421781e+02
1.737500e+02	1.260000e+02	-4.743215e+02
1.737500e+02	1.262500e+02	-5.095329e+02
1.737500e+02	1.265000e+02	-5.487008e+02
1.737500e+02	1.267500e+02	-5.930861e+02
1.737500e+02	1.270000e+02	-6.425417e+02
1.737500e+02	1.272500e+02	-6.986782e+02
1.737500e+02	1.275000e+02	-7.638479e+02
1.737500e+02	1.277500e+02	-8.382981e+02
1.737500e+02	1.280000e+02	-9.253529e+02
1.737500e+02	1.282500e+02	-1.030094e+03
1.737500e+02	1.285000e+02	-1.154579e+03
1.737500e+02	1.287500e+02	-1.309813e+03
1.737500e+02	1.290000e+02	-1.505540e+03
1.737500e+02	1.292500e+02	-1.759815e+03
1.737500e+02	1.295000e+02	-2.096608e+03
1.737500e+02	1.297500e+02	-2.581747e+03
1.737500e+02	1.300000e+02	-3.339197e+03
1.740000e+02	1.200000e+02	-9.560846e+01
1.740000e+02	1.202500e+02	-1.019179e+02
1.740000e+02	1.205000e+02	-1.084818e+02
1.740000e+02	1.207500e+02	-1.153519e+02
1.740000e+02	1.210000e+02	-1.225502e+02
1.740000e+02	1.212500e+02	-1.301005e+02
1.740000e+02	1.215000e+02	-1.380295e+02
1.740000e+02	1.217500e+02	-1.463662e+02
1.740000e+02	1.220000e+02	-1.551430e+02
1.740000e+02	1.222500e+02	-1.644617e+02
1.740000e+02	1.225000e+02	-1.742352e+02
1.740000e+02	1.227500e+02	-1.845691e+02
1.740000e+02	1.230000e+02	-1.955128e+02
1.740000e+02	1.232500e+02	-2.071220e+02
1.740000e+02	1.235000e+02	-2.194592e+02
1.740000e+02	1.237500e+02	-2.325951e+02
1.740000e+02	1.240000e+02	-2.467380e+02
1.740000e+02	1.242500e+02	-2.617346e+02
1.740000e+02	1.245000e+02	-2.778067e+02
1.740000e+02	1.247500e+02	-2.950740e+02
1.740000e+02	1.250000e+02	-3.136749e+02
1.740000e+02	1.252500e+02	-3.337698e+02
1.740000e+02	1.255000e+02	-3.557900e+02
1.740000e+02	1.257500e+02	-3.794945e+02
1.740000e+02	1.260000e+02	-4.053640e+02
1.740000e+02	1.262500e+02	-4.337085e+02
1.740000e+02	1.265000e+02	-4.653006e+02
1.740000e+02	1.267500e+02	-4.998419e+02
1.740000e+02	1.270000e+02	-5.382411e+02
1.740000e+02	1.272500e+02	-5.817909e+02
1.740000e+02	1.275000e+02	-6.302140e+02
1.740000e+02	1.277500e+02	-6.851315e+02
1.740000e+02	1.280000e+02	-7.489184e+02
1.740000e+02	1.282500e+02	-8.216164e+02
1.740000e+02	1.285000e+02	-9.065100e+02
1.740000e+02	1.287500e+02	-1.008646e+03
1.740000e+02	1.290000e+02	-1.129668e+03
1.740000e+02	1.292500e+02	-1.280472e+03
1.740000e+02	1.295000e+02	-1.470138e+03
1.740000e+02	1.297500e+02	-1.710949e+03
1.740000e+02	1.300000e+02	-2.039241e+03
1.742500e+02	1.200000e+02	-8.085206e+01
1.742500e+02	1.202500e+02	-8.653116e+01
1.742500e+02	1.205000e+02	-9.245722e+01
1.742500e+02	1.207500e+02	-9.868870e+01
1.742500e+02	1.210000e+02	-1.051623e+02
1.742500e+02	1.212500e+02	-1.119371e+02
1.742500e+02	1.215000e+02	-1.190346e+02
1.742500e+02	1.217500e+02	-1.264783e+02
1.742500e+02	1.220000e+02	-1.342943e+02
1.742500e+02	1.222500e+02	-1.425111e+02
1.742500e+02	1.225000e+02	-1.511602e+02
1.742500e+02	1.227500e+02	-1.602768e+02
1.742500e+02	1.230000e+02	-1.699852e+02
1.742500e+02	1.232500e+02	-1.801647e+02
1.742500e+02	1.235000e+02	-1.909430e+02
1.742500e+02	1.237500e+02	-2.023745e+02
1.742500e+02	1.240000e+02	-2.145204e+02
1.742500e+02	1.242500e+02	-2.274497e+02
1.742500e+02	1.245000e+02	-2.412406e+02
1.742500e+02	1.247500e+02	-2.561440e+02
1.742500e+02	1.250000e+02	-2.719530e+02
1.742500e+02	1.252500e+02	-2.889329e+02
1.742500e+02	1.255000e+02	-3.072185e+02
1.742500e+02	1.257500e+02	-3.269661e+02
1.742500e+02	1.260000e+02	-3.486315e+02
1.742500e+02	1.262500e+02	-3.719113e+02
1.742500e+02	1.265000e+02	-3.973063e+02
1.742500e+02	1.267500e+02	-4.251178e+02
1.742500e+02	1.270000e+02	-4.561471e+02
1.742500e+02	1.272500e+02	-4.900061e+02
1.742500e+02	1.275000e+02	-5.276227e+02
1.742500e+02	1.277500e+02	-5.696580e+02
1.742500e+02	1.280000e+02	-6.176921e+02
1.742500e+02	1.282500e+02	-6.713702e+02
1.742500e+02	1.285000e+02	-7.326997e+02
1.742500e+02	1.287500e+02	-8.046599e+02
1.742500e+02	1.290000e+02	-8.873627e+02
1.742500e+02	1.292500e+02	-9.868467e+02
1.742500e+02	1.295000e+02	-1.104359e+03
1.742500e+02	1.297500e+02	-1.250659e+03
1.742500e+02	1.300000e+02	-1.434184e+03
1.745000e+02	1.200000e+02	-6.729709e+01
1.745000e+02	1.202500e+02	-7.245507e+01
1.745000e+02	1.205000e+02	-7.782749e+01
1.745000e+02	1.207500e+02	-8.342798e+01
1.745000e+02	1.210000e+02	-8.927137e+01
1.745000e+02	1.212500e+02	-9.537379e+01
1.745000e+02	1.215000e+02	-1.018068e+02
1.745000e+02	1.217500e+02	-1.084852e+02
1.745000e+02	1.220000e+02	-1.154809e+02
1.745000e+02	1.222500e+02	-1.228168e+02
1.745000e+02	1.225000e+02	-1.305184e+02
1.745000e+02	1.227500e+02	-1.386138e+02
1.745000e+02	1.230000e+02	-1.471340e+02
1.745000e+02	1.232500e+02	-1.561130e+02
1.745000e+02	1.235000e+02	-1.656886e+02
1.745000e+02	1.237500e+02	-1.757118e+02
1.745000e+02	1.240000e+02	-1.863227e+02
1.745000e+02	1.242500e+02	-1.975743e+02
1.745000e+02	1.245000e+02	-2.095264e+02
1.745000e+02	1.247500e+02	-2.222465e+02
1.745000e+02	1.250000e+02	-2.358109e+02
1.745000e+02	1.252500e+02	-2.504891e+02
1.745000e+02	1.255000e+02	-2.660314e+02
1.745000e+02	1.257500e+02	-2.827198e+02
1.745000e+02	1.260000e+02	-3.006856e+02
1.745000e+02	1.262500e+02	-3.200809e+02
1.745000e+02	1.265000e+02	-3.413853e+02
1.745000e+02	1.267500e+02	-3.642340e+02
1.745000e+02	1.270000e+02	-3.891475e+02
1.745000e+02	1.272500e+02	-4.164181e+02
1.745000e+02	1.275000e+02	-4.468740e+02
1.745000e+02	1.277500e+02	-4.800402e+02
1.745000e+02	1.280000e+02	-5.168633e+02
1.745000e+02	1.282500e+02	-5.579810e+02
1.745000e+02	1.285000e+02	-6.049969e+02
1.745000e+02	1.287500e+02	-6.574194e+02
1.745000e+02	1.290000e+02	-7.172499e+02
1.745000e+02	1.292500e+02	-7.874684e+02
1.745000e+02	1.295000e+02	-8.679500e+02
1.745000e+02	1.297500e+02	-9.647470e+02
1.745000e+02	1.300000e+02	-1.078713e+03
1.747500e+02	1.200000e+02	-5.480311e+01
1.747500e+02	1.202500e+02	-5.950338e+01
1.747500e+02	1.205000e+02	-6.439081e+01
1.747500e+02	1.207500e+02	-6.947680e+01
1.747500e+02	1.210000e+02	-7.477368e+01
1.747500e+02	1.212500e+02	-8.029483e+01
1.747500e+02	1.215000e+02	-8.605477e+01
1.747500e+02	1.217500e+02	-9.206933e+01
1.747500e+02	1.220000e+02	-9.841919e+01
1.747500e+02	1.222500e+02	-1.050003e+02
1.747500e+02	1.225000e+02	-1.118930e+02
1.747500e+02	1.227500e+02	-1.191201e+02
1.747500e+02	1.230000e+02	-1.267063e+02
1.747500e+02	1.232500e+02	-1.346791e+02
1.747500e+02	1.235000e+02	-1.430688e+02
1.747500e+02	1.237500e+02	-1.519089e+02
1.747500e+02	1.240000e+02	-1.612367e+02
1.747500e+02	1.242500e+02	-1.712154e+02
1.747500e+02	1.245000e+02	-1.816569e+02
1.747500e+02	1.247500e+02	-1.927266e+02
1.747500e+02	1.250000e+02	-2.044827e+02
1.747500e+02	1.252500e+02	-2.169912e+02
1.747500e+02	1.255000e+02	-2.303264e+02
1.747500e+02	1.257500e+02	-2.447762e+02
1.747500e+02	1.260000e+02	-2.600486e+02
1.747500e+02	1.262500e+02	-2.764419e+02
1.747500e+02	1.265000e+02	-2.940839e+02
1.747500e+02	1.267500e+02	-3.131226e+02
1.747500e+02	1.270000e+02	-3.340602e+02
1.747500e+02	1.272500e+02	-3.564722e+02
1.747500e+02	1.275000e+02	-3.808980e+02
1.747500e+02	1.277500e+02	-4.076208e+02
1.747500e+02	1.280000e+02	-4.369802e+02
1.747500e+02	1.282500e+02	-4.699594e+02
1.747500e+02	1.285000e+02	-5.059790e+02
1.747500e+02	1.287500e+02	-5.461685e+02
1.747500e+02	1.290000e+02	-5.921518e+02
1.747500e+02	1.292500e+02	-6.433029e+02
1.747500e+02	1.295000e+02	-7.016190e+02
1.747500e+02	1.297500e+02	-7.700733e+02
1.747500e+02	1.300000e+02	-8.483198e+02
1.750000e+02	1.200000e+02	-4.325068e+01
1.750000e+02	1.202500e+02	-4.754699e+01
1.750000e+02	1.205000e+02	-5.200744e+01
1.750000e+02	1.207500e+02	-5.664159e+01
1.750000e+02	1.210000e+02	-6.145980e+01
1.750000e+02	1.212500e+02	-6.647321e+01
1.750000e+02	1.215000e+02	-7.169394e+01
1.750000e+02	1.217500e+02	-7.713508e+01
1.750000e+02	1.220000e+02	-8.281089e+01
1.750000e+02	1.222500e+02	-8.873685e+01
1.750000e+02	1.225000e+02	-9.492986e+01
1.750000e+02	1.227500e+02	-1.014859e+02
1.750000e+02	1.230000e+02	-1.082749e+02
1.750000e+02	1.232500e+02	-1.153920e+02
1.750000e+02	1.235000e+02	-1.228618e+02
1.750000e+02	1.237500e+02	-1.307109e+02
1.750000e+02	1.240000e+02	-1.389690e+02
1.750000e+02	1.242500e+02	-1.476689e+02
1.750000e+02	1.245000e+02	-1.568469e+02
1.750000e+02	1.247500e+02	-1.666801e+02
1.750000e+02	1.250000e+02	-1.769506e+02
1.750000e+02	1.252500e+02	-1.878365e+02
1.750000e+02	1.255000e+02	-1.993946e+02
1.750000e+02	1.257500e+02	-2.116893e+02
1.750000e+02	1.260000e+02	-2.247930e+02
1.750000e+02	1.262500e+02	-2.387883e+02
1.750000e+02	1.265000e+02	-2.540110e+02
1.750000e+02	1.267500e+02	-2.701060e+02
1.750000e+02	1.270000e+02	-2.874208e+02
1.750000e+02	1.272500e+02	-3.060992e+02
1.750000e+02	1.275000e+02	-3.263083e+02
1.750000e+02	1.277500e+02	-3.486354e+02
1.750000e+02	1.280000e+02	-3.725684e+02
1.750000e+02	1.282500e+02	-3.987379e+02
1.750000e+02	1.285000e+02	-4.274718e+02
1.750000e+02	1.287500e+02	-4.597776e+02
1.750000e+02	1.290000e+02	-4.949861e+02
1.750000e+02	1.292500e+02	-5.342380e+02
1.750000e+02	1.295000e+02	-5.791775e+02
1.750000e+02	1.297500e+02	-6.290480e+02
1.750000e+02	1.300000e+02	-6.858394e+02
1.752500e+02	1.200000e+02	-3.249479e+01
1.752500e+02	1.202500e+02	-3.643099e+01
1.752500e+02	1.205000e+02	-4.051162e+01
1.752500e+02	1.207500e+02	-4.479404e+01
1.752500e+02	1.210000e+02	-4.919085e+01
1.752500e+02	1.212500e+02	-5.375843e+01
1.752500e+02	1.215000e+02	-5.850691e+01
1.752500e+02	1.217500e+02	-6.344723e+01
1.752500e+02	1.220000e+02	-6.859126e+01
1.752500e+02	1.222500e+02	-7.395182e+01
1.752500e+02	1.225000e+02	-7.954287e+01
1.752500e+02	1.227500e+02	-8.537959e+01
1.752500e+02	1.230000e+02	-9.147850e+01
1.752500e+02	1.232500e+02	-9.794543e+01
1.752500e+02	1.235000e+02	-1.046298e+02
1.752500e+02	1.237500e+02	-1.116362e+02
1.752500e+02	1.240000e+02	-1.189885e+02
1.752500e+02	1.242500e+02	-1.267129e+02
1.752500e+02	1.245000e+02	-1.348384e+02
1.752500e+02	1.247500e+02	-1.433969e+02
1.752500e+02	1.250000e+02	-1.524240e+02
1.752500e+02	1.252500e+02	-1.621101e+02
1.752500e+02	1.255000e+02	-1.722081e+02
1.752500e+02	1.257500e+02	-1.829086e+02
1.752500e+02	1.260000e+02	-1.942671e+02
1.752500e+02	1.262500e+02	-2.063461e+02
1.752500e+02	1.265000e+02	-2.192163e+02
1.752500e+02	1.267500e+02	-2.329579e+02
1.752500e+02	1.270000e+02	-2.479247e+02
1.752500e+02	1.272500e+02	-2.637188e+02
1.752500e+02	1.275000e+02	-2.807035e+02
1.752500e+02	1.277500e+02	-2.990183e+02
1.752500e+02	1.280000e+02	-3.188254e+02
1.752500e+02	1.282500e+02	-3.407329e+02
1.752500e+02	1.285000e+02	-3.641688e+02
1.752500e+02	1.287500e+02	-3.897804e+02
1.752500e+02	1.290000e+02	-4.178843e+02
1.752500e+02	1.292500e+02	-4.495084e+02
1.752500e+02	1.295000e+02	-4.838996e+02
1.752500e+02	1.297500e+02	-5.222094e+02
1.752500e+02	1.300000e+02	-5.651456e+02
1.755000e+02	1.200000e+02	-2.253090e+01
1.755000e+02	1.202500e+02	-2.614835e+01
1.755000e+02	1.205000e+02	-2.989354e+01
1.755000e+02	1.207500e+02	-3.377332e+01
1.755000e+02	1.210000e+02	-3.779508e+01
1.755000e+02	1.212500e+02	-4.202305e+01
1.755000e+02	1.215000e+02	-4.635584e+01
1.755000e+02	1.217500e+02	-5.085644e+01
1.755000e+02	1.220000e+02	-5.553476e+01
1.755000e+02	1.222500e+02	-6.040154e+01
1.755000e+02	1.225000e+02	-6.546838e+01
1.755000e+02	1.227500e+02	-7.074786e+01
1.755000e+02	1.230000e+02	-7.625362e+01
1.755000e+02	1.232500e+02	-8.200052e+01
1.755000e+02	1.235000e+02	-8.800473e+01
1.755000e+02	1.237500e+02	-9.428391e+01
1.755000e+02	1.240000e+02	-1.009609e+02
1.755000e+02	1.242500e+02	-1.078559e+02
1.755000e+02	1.245000e+02	-1.150899e+02
1.755000e+02	1.247500e+02	-1.226888e+02
1.755000e+02	1.250000e+02	-1.306806e+02
1.755000e+02	1.252500e+02	-1.390968e+02
1.755000e+02	1.255000e+02	-1.479718e+02
1.755000e+02	1.257500e+02	-1.573443e+02
1.755000e+02	1.260000e+02	-1.674337e+02
1.755000e+02	1.262500e+02	-1.779474e+02
1.755000e+02	1.265000e+02	-1.891047e+02
1.755000e+02	1.267500e+02	-2.009665e+02
1.755000e+02	1.270000e+02	-2.136015e+02
1.755000e+02	1.272500e+02	-2.270876e+02
1.755000e+02	1.275000e+02	-2.417958e+02
1.755000e+02	1.277500e+02	-2.572868e+02
1.755000e+02	1.280000e+02	-2.739390e+02
1.755000e+02	1.282500e+02	-2.918876e+02
1.755000e+02	1.285000e+02	-3.112898e+02
1.755000e+02	1.287500e+02	-3.327732e+02
1.755000e+02	1.290000e+02	-3.557088e+02
1.755000e+02	1.292500e+02	-3.807588e+02
1.755000e+02	1.295000e+02	-4.082294e+02
1.755000e+02	1.297500e+02	-4.391666e+02
1.755000e+02	1.300000e+02	-4.727367e+02
1.757500e+02	1.200000e+02	-1.324252e+01
1.757500e+02	1.202500e+02	-1.657516e+01
1.757500e+02	1.205000e+02	-2.002118e+01
1.757500e+02	1.207500e+02	-2.358645e+01
1.757500e+02	1.210000e+02	-2.727726e+01
1.757500e+02	1.212500e+02	-3.110036e+01
1.757500e+02	1.215000e+02	-3.506296e+01
1.757500e+02	1.217500e+02	-3.917285e+01
1.757500e+02	1.220000e+02	-4.350471e+01
1.757500e+02	1.222500e+02	-4.793797e+01
1.757500e+02	1.225000e+02	-5.254577e+01
1.757500e+02	1.227500e+02	-5.733861e+01
1.757500e+02	1.230000e+02	-6.232785e+01
1.757500e+02	1.232500e+02	-6.752580e+01
1.757500e+02	1.235000e+02	-7.294580e+01
1.757500e+02	1.237500e+02	-7.860239e+01
1.757500e+02	1.240000e+02	-8.451137e+01
1.757500e+02	1.242500e+02	-9.069000e+01
1.757500e+02	1.245000e+02	-9.727126e+01
1.757500e+02	1.247500e+02	-1.040540e+02
1.757500e+02	1.250000e+02	-1.111692e+02
1.757500e+02	1.252500e+02	-1.186417e+02
1.757500e+02	1.255000e+02	-1.264992e+02
1.757500e+02	1.257500e+02	-1.347721e+02
1.757500e+02	1.260000e+02	-1.434942e+02
1.757500e+02	1.262500e+02	-1.527030e+02
1.757500e+02	1.265000e+02	-1.626314e+02
1.757500e+02	1.267500e+02	-1.729573e+02
1.757500e+02	1.270000e+02	-1.839122e+02
1.757500e+02	1.272500e+02	-1.955553e+02
1.757500e+02	1.275000e+02	-2.079536e+02
1.757500e+02	1.277500e+02	-2.211828e+02
1.757500e+02	1.280000e+02	-2.353291e+02
1.757500e+02	1.282500e+02	-2.508162e+02
1.757500e+02	1.285000e+02	-2.671339e+02
1.757500e+02	1.287500e+02	-2.847144e+02
1.757500e+02	1.290000e+02	-3.037095e+02
1.757500e+02	1.292500e+02	-3.242971e+02
1.757500e+02	1.295000e+02	-3.471986e+02
1.757500e+02	1.297500e+02	-3.716847e+02
1.757500e+02	1.300000e+02	-3.985187e+02
1.760000e+02	1.200000e+02	-4.563487e+00
1.760000e+02	1.202500e+02	-7.640715e+00
1.760000e+02	1.205000e+02	-1.081894e+01
1.760000e+02	1.207500e+02	-1.410319e+01
1.760000e+02	1.210000e+02	-1.749888e+01
1.760000e+02	1.212500e+02	-2.101175e+01
1.760000e+02	1.215000e+02	-2.464797e+01
1.760000e+02	1.217500e+02	-2.841413e+01
1.760000e+02	1.220000e+02	-3.231733e+01
1.760000e+02	1.222500e+02	-3.636517e+01
1.760000e+02	1.225000e+02	-4.063957e+01
1.760000e+02	1.227500e+02	-4.500519e+01
1.760000e+02	1.230000e+02	-4.954215e+01
1.760000e+02	1.232500e+02	-5.426071e+01
1.760000e+02	1.235000e+02	-5.917200e+01
1.760000e+02	1.237500e+02	-6.428804e+01
1.760000e+02	1.240000e+02	-6.962189e+01
1.760000e+02	1.242500e+02	-7.518775e+01
1.760000e+02	1.245000e+02	-8.100106e+01
1.760000e+02	1.247500e+02	-8.707868e+01
1.760000e+02	1.250000e+02	-9.343901e+01
1.760000e+02	1.252500e+02	-1.002336e+02
1.760000e+02	1.255000e+02	-1.072292e+02
1.760000e+02	1.257500e+02	-1.145748e+02
1.760000e+02	1.260000e+02	-1.222972e+02
1.760000e+02	1.262500e+02	-1.304262e+02
1.760000e+02	1.265000e+02	-1.389946e+02
1.760000e+02	1.267500e+02	-1.480390e+02
1.760000e+02	1.270000e+02	-1.576002e+02
1.760000e+02	1.272500e+02	-1.679421e+02
1.760000e+02	1.275000e+02	-1.786937e+02
1.760000e+02	1.277500e+02	-1.901173e+02
1.760000e+02	1.280000e+02	-2.022778e+02
1.760000e+02	1.282500e+02	-2.152488e+02
1.760000e+02	1.285000e+02	-2.291139e+02
1.760000e+02	1.287500e+02	-2.443129e+02
1.760000e+02	1.290000e+02	-2.602949e+02
1.760000e+02	1.292500e+02	-2.775057e+02
1.760000e+02	1.295000e+02	-2.960926e+02
1.760000e+02	1.297500e+02	-3.162269e+02
1.760000e+02	1.300000e+02	-3.386469e+02
1.762500e+02	1.200000e+02	3.563794e+00
1.762500e+02	1.202500e+02	7.165965e-01
1.762500e+02	1.205000e+02	-2.221068e+00
1.762500e+02	1.207500e+02	-5.253351e+00
1.762500e+02	1.210000e+02	-8.384877e+00
1.762500e+02	1.212500e+02	-1.162059e+01
1.762500e+02	1.215000e+02	-1.496577e+01
1.762500e+02	1.217500e+02	-1.842606e+01
1.762500e+02	1.220000e+02	-2.200750e+01
1.762500e+02	1.222500e+02	-2.571654e+01
1.762500e+02	1.225000e+02	-2.956012e+01
1.762500e+02	1.227500e+02	-3.354569e+01
1.762500e+02	1.230000e+02	-3.768124e+01
1.762500e+02	1.232500e+02	-4.206013e+01
1.762500e+02	1.235000e+02	-4.652597e+01
1.762500e+02	1.237500e+02	-5.116999e+01
1.762500e+02	1.240000e+02	-5.600303e+01
1.762500e+02	1.242500e+02	-6.103686e+01
1.762500e+02	1.245000e+02	-6.628423e+01
1.762500e+02	1.247500e+02	-7.175901e+01
1.762500e+02	1.250000e+02	-7.747629e+01
1.762500e+02	1.252500e+02	-8.345251e+01
1.762500e+02	1.255000e+02	-8.970564e+01
1.762500e+02	1.257500e+02	-9.639725e+01
1.762500e+02	1.260000e+02	-1.032729e+02
1.762500e+02	1.262500e+02	-1.104910e+02
1.762500e+02	1.265000e+02	-1.180779e+02
1.762500e+02	1.267500e+02	-1.260623e+02
1.762500e+02	1.270000e+02	-1.344765e+02
1.762500e+02	1.272500e+02	-1.433559e+02
1.762500e+02	1.275000e+02	-1.527401e+02
1.762500e+02	1.277500e+02	-1.629061e+02
1.762500e+02	1.280000e+02	-1.734535e+02
1.762500e+02	1.282500e+02	-1.846567e+02
1.762500e+02	1.285000e+02	-1.965787e+02
1.762500e+02	1.287500e+02	-2.092908e+02
1.762500e+02	1.290000e+02	-2.228740e+02
1.762500e+02	1.292500e+02	-2.377832e+02
1.762500e+02	1.295000e+02	-2.534283e+02
1.762500e+02	1.297500e+02	-2.702689e+02
1.762500e+02	1.300000e+02	-2.884463e+02
1.765000e+02	1.200000e+02	1.124106e+01
1.765000e+02	1.202500e+02	8.602836e+00
1.765000e+02	1.205000e+02	5.883795e+00
1.765000e+02	1.207500e+02	3.024041e+00
1.765000e+02	1.210000e+02	1.299945e-01
1.765000e+02	1.212500e+02	-2.857221e+00
1.765000e+02	1.215000e+02	-5.941927e+00
1.765000e+02	1.217500e+02	-9.128965e+00
1.765000e+02	1.220000e+02	-1.242351e+01
1.765000e+02	1.222500e+02	-1.583107e+01
1.765000e+02	1.225000e+02	-1.935757e+01
1.765000e+02	1.227500e+02	-2.300933e+01
1.765000e+02	1.230000e+02	-2.679313e+01
1.765000e+02	1.232500e+02	-3.071626e+01
1.765000e+02	1.235000e+02	-3.478654e+01
1.765000e+02	1.237500e+02	-3.901239e+01
1.765000e+02	1.240000e+02	-4.349921e+01
1.765000e+02	1.242500e+02	-4.806844e+01
1.765000e+02	1.245000e+02	-5.282300e+01
1.765000e+02	1.247500e+02	-5.777437e+01
1.765000e+02	1.250000e+02	-6.293501e+01
1.765000e+02	1.252500e+02	-6.831845e+01
1.765000e+02	1.255000e+02	-7.393941e+01
1.765000e+02	1.257500e+02	-7.981394e+01
1.765000e+02	1.260000e+02	-8.595956e+01
1.765000e+02	1.262500e+02	-9.239545e+01
1.765000e+02	1.265000e+02	-9.930293e+01
1.765000e+02	1.267500e+02	-1.063933e+02
1.765000e+02	1.270000e+02	-1.138441e+02
1.765000e+02	1.272500e+02	-1.216837e+02
1.765000e+02	1.275000e+02	-1.299431e+02
1.765000e+02	1.277500e+02	-1.386570e+02
1.765000e+02	1.280000e+02	-1.478639e+02
1.765000e+02	1.282500e+02	-1.578530e+02
1.765000e+02	1.285000e+02	-1.681958e+02
1.765000e+02	1.287500e+02	-1.791781e+02
1.765000e+02	1.290000e+02	-1.908610e+02
1.765000e+02	1.292500e+02	-2.033136e+02
1.765000e+02	1.295000e+02	-2.166144e+02
1.765000e+02	1.297500e+02	-2.308530e+02
1.765000e+02	1.300000e+02	-2.465407e+02
1.767500e+02	1.200000e+02	1.841325e+01
1.767500e+02	1.202500e+02	1.596272e+01
1.767500e+02	1.205000e+02	1.343955e+01
1.767500e+02	1.207500e+02	1.084045e+01
1.767500e+02	1.210000e+02	8.161964e+00
1.767500e+02	1.212500e+02	5.338767e+00
1.767500e+02	1.215000e+02	2.488086e+00
1.767500e+02	1.217500e+02	-4.537679e-01
1.767500e+02	1.220000e+02	-3.491556e+00
1.767500e+02	1.222500e+02	-6.629817e+00
1.767500e+02	1.225000e+02	-9.873611e+00
1.767500e+02	1.227500e+02	-1.322834e+01
1.767500e+02	1.230000e+02	-1.669979e+01
1.767500e+02	1.232500e+02	-2.029415e+01
1.767500e+02	1.235000e+02	-2.401805e+01
1.767500e+02	1.237500e+02	-2.787860e+01
1.767500e+02	1.240000e+02	-3.188347e+01
1.767500e+02	1.242500e+02	-3.604088e+01
1.767500e+02	1.245000e+02	-4.046369e+01
1.767500e+02	1.247500e+02	-4.495798e+01
1.767500e+02	1.250000e+02	-4.963389e+01
1.767500e+02	1.252500e+02	-5.450262e+01
1.767500e+02	1.255000e+02	-5.957634e+01
1.767500e+02	1.257500e+02	-6.486824e+01
1.767500e+02	1.260000e+02	-7.039268e+01
1.767500e+02	1.262500e+02	-7.616532e+01
1.767500e+02	1.265000e+02	-8.220321e+01
1.767500e+02	1.267500e+02	-8.852506e+01
1.767500e+02	1.270000e+02	-9.532195e+01
1.767500e+02	1.272500e+02	-1.022842e+02
1.767500e+02	1.275000e+02	-1.095989e+02
1.767500e+02	1.277500e+02	-1.172933e+02
1.767500e+02	1.280000e+02	-1.253977e+02
1.767500e+02	1.282500e+02	-1.339459e+02
1.767500e+02	1.285000e+02	-1.429752e+02
1.767500e+02	1.287500e+02	-1.525272e+02
1.767500e+02	1.290000e+02	-1.629245e+02
1.767500e+02	1.292500e+02	-1.736857e+02
1.767500e+02	1.295000e+02	-1.851293e+02
1.767500e+02	1.297500e+02	-1.973224e+02
1.767500e+02	1.300000e+02	-2.103407e+02
1.770000e+02	1.200000e+02	2.516882e+01
1.770000e+02	1.202500e+02	2.288867e+01
1.770000e+02	1.205000e+02	2.054304e+01
1.770000e+02	1.207500e+02	1.812906e+01
1.770000e+02	1.210000e+02	1.564372e+01
1.770000e+02	1.212500e+02	1.308380e+01
1.770000e+02	1.215000e+02	1.044592e+01
1.770000e+02	1.217500e+02	7.726447e+00
1.770000e+02	1.220000e+02	4.852207e+00
1.770000e+02	1.222500e+02	1.955475e+00
1.770000e+02	1.225000e+02	-1.035146e+00
1.770000e+02	1.227500e+02	-4.124559e+00
1.770000e+02	1.230000e+02	-7.317534e+00
1.770000e+02	1.232500e+02	-1.061936e+01
1.770000e+02	1.235000e+02	-1.403568e+01
1.770000e+02	1.237500e+02	-1.757255e+01
1.770000e+02	1.240000e+02	-2.123646e+01
1.770000e+02	1.242500e+02	-2.503436e+01
1.770000e+02	1.245000e+02	-2.897373e+01
1.770000e+02	1.247500e+02	-3.306260e+01
1.770000e+02	1.250000e+02	-3.730963e+01
1.770000e+02	1.252500e+02	-4.184042e+01
1.770000e+02	1.255000e+02	-4.643756e+01
1.770000e+02	1.257500e+02	-5.122354e+01
1.770000e+02	1.260000e+02	-5.621021e+01
1.770000e+02	1.262500e+02	-6.141045e+01
1.770000e+02	1.265000e+02	-6.683826e+01
1.770000e+02	1.267500e+02	-7.250887e+01
1.770000e+02	1.270000e+02	-7.843892e+01
1.770000e+02	1.272500e+02	-8.464660e+01
1.770000e+02	1.275000e+02	-9.115183e+01
1.770000e+02	1.277500e+02	-9.816654e+01
1.770000e+02	1.280000e+02	-1.053448e+02
1.770000e+02	1.282500e+02	-1.128940e+02
1.770000e+02	1.285000e+02	-1.208434e+02
1.770000e+02	1.287500e+02	-1.292258e+02
1.770000e+02	1.290000e+02	-1.380773e+02
1.770000e+02	1.292500e+02	-1.474385e+02
1.770000e+02	1.295000e+02	-1.576434e+02
1.770000e+02	1.297500e+02	-1.681835e+02
1.770000e+02	1.300000e+02	-1.793880e+02
1.772500e+02	1.200000e+02	3.154290e+01
1.772500e+02	1.202500e+02	2.941779e+01
1.772500e+02	1.205000e+02	2.723351e+01
1.772500e+02	1.207500e+02	2.498756e+01
1.772500e+02	1.210000e+02	2.267727e+01
1.772500e+02	1.212500e+02	2.029987e+01
1.772500e+02	1.215000e+02	1.785239e+01
1.772500e+02	1.217500e+02	1.533169e+01
1.772500e+02	1.220000e+02	1.273443e+01
1.772500e+02	1.222500e+02	1.005710e+01
1.772500e+02	1.225000e+02	7.295921e+00
1.772500e+02	1.227500e+02	4.369510e+00
1.772500e+02	1.230000e+02	1.425868e+00
1.772500e+02	1.232500e+02	-1.614524e+00
1.772500e+02	1.235000e+02	-4.756639e+00
1.772500e+02	1.237500e+02	-8.005510e+00
1.772500e+02	1.240000e+02	-1.136666e+01
1.772500e+02	1.242500e+02	-1.484601e+01
1.772500e+02	1.245000e+02	-1.844989e+01
1.772500e+02	1.247500e+02	-2.218508e+01
1.772500e+02	1.250000e+02	-2.605890e+01
1.772500e+02	1.252500e+02	-3.007919e+01
1.772500e+02	1.255000e+02	-3.425440e+01
1.772500e+02	1.257500e+02	-3.871748e+01
1.772500e+02	1.260000e+02	-4.323580e+01
1.772500e+02	1.262500e+02	-4.793897e+01
1.772500e+02	1.265000e+02	-5.283856e+01
1.772500e+02	1.267500e+02	-5.794710e+01
1.772500e+02	1.270000e+02	-6.327822e+01
1.772500e+02	1.272500e+02	-6.884678e+01
1.772500e+02	1.275000e+02	-7.466895e+01
1.772500e+02	1.277500e+02	-8.076244e+01
1.772500e+02	1.280000e+02	-8.714662e+01
1.772500e+02	1.282500e+02	-9.404281e+01
1.772500e+02	1.285000e+02	-1.010848e+02
1.772500e+02	1.287500e+02	-1.084886e+02
1.772500e+02	1.290000e+02	-1.162831e+02
1.772500e+02	1.292500e+02	-1.244997e+02
1.772500e+02	1.295000e+02	-1.331737e+02
1.772500e+02	1.297500e+02	-1.423442e+02
1.772500e+02	1.300000e+02	-1.520551e+02
1.775000e+02	1.200000e+02	3.756677e+01
1.775000e+02	1.202500e+02	3.558311e+01
1.775000e+02	1.205000e+02	3.354584e+01
1.775000e+02	1.207500e+02	3.145277e+01
1.775000e+02	1.210000e+02	2.930158e+01
1.775000e+02	1.212500e+02	2.708982e+01
1.775000e+02	1.215000e+02	2.481490e+01
1.775000e+02	1.217500e+02	2.247408e+01
1.775000e+02	1.220000e+02	2.006446e+01
1.775000e+02	1.222500e+02	1.758297e+01
1.775000e+02	1.225000e+02	1.502636e+01
1.775000e+02	1.227500e+02	1.239116e+01
1.775000e+02	1.230000e+02	9.673709e+00
1.775000e+02	1.232500e+02	6.787056e+00
1.775000e+02	1.235000e+02	3.890396e+00
1.775000e+02	1.237500e+02	8.989155e-01
1.775000e+02	1.240000e+02	-2.192220e+00
1.775000e+02	1.242500e+02	-5.388130e+00
1.775000e+02	1.245000e+02	-8.694106e+00
1.775000e+02	1.247500e+02	-1.211592e+01
1.775000e+02	1.250000e+02	-1.565976e+01
1.775000e+02	1.252500e+02	-1.933225e+01
1.775000e+02	1.255000e+02	-2.314053e+01
1.775000e+02	1.257500e+02	-2.709224e+01
1.775000e+02	1.260000e+02	-3.119563e+01
1.775000e+02	1.262500e+02	-3.545959e+01
1.775000e+02	1.265000e+02	-4.003033e+01
1.775000e+02	1.267500e+02	-4.465071e+01
1.775000e+02	1.270000e+02	-4.946322e+01
1.775000e+02	1.272500e+02	-5.448008e+01
1.775000e+02	1.275000e+02	-5.971456e+01
1.775000e+02	1.277500e+02	-6.518110e+01
1.775000e+02	1.280000e+02	-7.089546e+01
1.775000e+02	1.282500e+02	-7.687485e+01
1.775000e+02	1.285000e+02	-8.313810e+01
1.775000e+02	1.287500e+02	-8.970586e+01
1.775000e+02	1.290000e+02	-9.682122e+01
1.775000e+02	1.292500e+02	-1.040800e+02
1.775000e+02	1.295000e+02	-1.117196e+02
1.775000e+02	1.297500e+02	-1.197708e+02
1.775000e+02	1.300000e+02	-1.282675e+02
1.777500e+02	1.200000e+02	4.326840e+01
1.777500e+02	1.202500e+02	4.141406e+01
1.777500e+02	1.205000e+02	3.951106e+01
1.777500e+02	1.207500e+02	3.755745e+01
1.777500e+02	1.210000e+02	3.555120e+01
1.777500e+02	1.212500e+02	3.349016e+01
1.777500e+02	1.215000e+02	3.137205e+01
1.777500e+02	1.217500e+02	2.919447e+01
1.777500e+02	1.220000e+02	2.695490e+01
1.777500e+02	1.222500e+02	2.465065e+01
1.777500e+02	1.225000e+02	2.227889e+01
1.777500e+02	1.227500e+02	1.983660e+01
1.777500e+02	1.230000e+02	1.732061e+01
1.777500e+02	1.232500e+02	1.472754e+01
1.777500e+02	1.235000e+02	1.205379e+01
1.777500e+02	1.237500e+02	9.295542e+00
1.777500e+02	1.240000e+02	6.357304e+00
1.777500e+02	1.242500e+02	3.414640e+00
1.777500e+02	1.245000e+02	3.744886e-01
1.777500e+02	1.247500e+02	-2.768486e+00
1.777500e+02	1.250000e+02	-6.019309e+00
1.777500e+02	1.252500e+02	-9.383621e+00
1.777500e+02	1.255000e+02	-1.286745e+01
1.777500e+02	1.257500e+02	-1.647729e+01
1.777500e+02	1.260000e+02	-2.022006e+01
1.777500e+02	1.262500e+02	-2.410325e+01
1.777500e+02	1.265000e+02	-2.813487e+01
1.777500e+02	1.267500e+02	-3.232361e+01
1.777500e+02	1.270000e+02	-3.667881e+01
1.777500e+02	1.272500e+02	-4.136047e+01
1.777500e+02	1.275000e+02	-4.608599e+01
1.777500e+02	1.277500e+02	-5.101127e+01
1.777500e+02	1.280000e+02	-5.614922e+01
1.777500e+02	1.282500e+02	-6.151389e+01
1.777500e+02	1.285000e+02	-6.712059e+01
1.777500e+02	1.287500e+02	-7.298604e+01
1.777500e+02	1.290000e+02	-7.912854e+01
1.777500e+02	1.292500e+02	-8.556814e+01
1.777500e+02	1.295000e+02	-9.255682e+01
1.777500e+02	1.297500e+02	-9.967079e+01
1.777500e+02	1.300000e+02	-1.071560e+02
1.780000e+02	1.200000e+02	4.873081e+01
1.780000e+02	1.202500e+02	4.699636e+01
1.780000e+02	1.205000e+02	4.515692e+01
1.780000e+02	1.207500e+02	4.333082e+01
1.780000e+02	1.210000e+02	4.145693e+01
1.780000e+02	1.212500e+02	3.953336e+01
1.780000e+02	1.215000e+02	3.755810e+01
1.780000e+02	1.217500e+02	3.552906e+01
1.780000e+02	1.220000e+02	3.344400e+01
1.780000e+02	1.222500e+02	3.130058e+01
1.780000e+02	1.225000e+02	2.909633e+01
1.780000e+02	1.227500e+02	2.682862e+01
1.780000e+02	1.230000e+02	2.449467e+01
1.780000e+02	1.232500e+02	2.209156e+01
1.780000e+02	1.235000e+02	1.961616e+01
1.780000e+02	1.237500e+02	1.706516e+01
1.780000e+02	1.240000e+02	1.443507e+01
1.780000e+02	1.242500e+02	1.172215e+01
1.780000e+02	1.245000e+02	8.922432e+00
1.780000e+02	1.247500e+02	5.931586e+00
1.780000e+02	1.250000e+02	2.942075e+00
1.780000e+02	1.252500e+02	-1.477885e-01
1.780000e+02	1.255000e+02	-3.343523e+00
1.780000e+02	1.257500e+02	-6.650397e+00
1.780000e+02	1.260000e+02	-1.007430e+01
1.780000e+02	1.262500e+02	-1.362155e+01
1.780000e+02	1.265000e+02	-1.729891e+01
1.780000e+02	1.267500e+02	-2.111366e+01
1.780000e+02	1.270000e+02	-2.507364e+01
1.780000e+02	1.272500e+02	-2.918728e+01
1.780000e+02	1.275000e+02	-3.346368e+01
1.780000e+02	1.277500e+02	-3.806992e+01
1.780000e+02	1.280000e+02	-4.270860e+01
1.780000e+02	1.282500e+02	-4.754246e+01
1.780000e+02	1.285000e+02	-5.258406e+01
1.780000e+02	1.287500e+02	-5.784706e+01
1.780000e+02	1.290000e+02	-6.334633e+01
1.780000e+02	1.292500e+02	-6.909812e+01
1.780000e+02	1.295000e+02	-7.512021e+01
1.780000e+02	1.297500e+02	-8.143201e+01
1.780000e+02	1.300000e+02	-8.805492e+01
1.782500e+02	1.200000e+02	5.386192e+01
1.782500e+02	1.202500e+02	5.223624e+01
1.782500e+02	1.205000e+02	5.057025e+01
1.782500e+02	1.207500e+02	4.886243e+01
1.782500e+02	1.210000e+02	4.711119e+01
1.782500e+02	1.212500e+02	4.524839e+01
1.782500e+02	1.215000e+02	4.340358e+01
1.782500e+02	1.217500e+02	4.151000e+01
1.782500e+02	1.220000e+02	3.956570e+01
1.782500e+02	1.222500e+02	3.756861e+01
1.782500e+02	1.225000e+02	3.551657e+01
1.782500e+02	1.227500e+02	3.340727e+01
1.782500e+02	1.230000e+02	3.123829e+01
1.782500e+02	1.232500e+02	2.900706e+01
1.782500e+02	1.235000e+02	2.671088e+01
1.782500e+02	1.237500e+02	2.434688e+01
1.782500e+02	1.240000e+02	2.191200e+01
1.782500e+02	1.242500e+02	1.940303e+01
1.782500e+02	1.245000e+02	1.681652e+01
1.782500e+02	1.247500e+02	1.414885e+01
1.782500e+02	1.250000e+02	1.139614e+01
1.782500e+02	1.252500e+02	8.554267e+00
1.782500e+02	1.255000e+02	5.509791e+00
1.782500e+02	1.257500e+02	2.472582e+00
1.782500e+02	1.260000e+02	-6.679430e-01
1.782500e+02	1.262500e+02	-3.917485e+00
1.782500e+02	1.265000e+02	-7.281572e+00
1.782500e+02	1.267500e+02	-1.076635e+01
1.782500e+02	1.270000e+02	-1.437843e+01
1.782500e+02	1.272500e+02	-1.812490e+01
1.782500e+02	1.275000e+02	-2.201337e+01
1.782500e+02	1.277500e+02	-2.605208e+01
1.782500e+02	1.280000e+02	-3.024987e+01
1.782500e+02	1.282500e+02	-3.461632e+01
1.782500e+02	1.285000e+02	-3.933272e+01
1.782500e+02	1.287500e+02	-4.407540e+01
1.782500e+02	1.290000e+02	-4.902092e+01
1.782500e+02	1.292500e+02	-5.418254e+01
1.782500e+02	1.295000e+02	-5.957471e+01
1.782500e+02	1.297500e+02	-6.521319e+01
1.782500e+02	1.300000e+02	-7.111522e+01
1.785000e+02	1.200000e+02	5.873868e+01
1.785000e+02	1.202500e+02	5.721306e+01
1.785000e+02	1.205000e+02	5.565062e+01
1.785000e+02	1.207500e+02	5.405003e+01
1.785000e+02	1.210000e+02	5.240985e+01
1.785000e+02	1.212500e+02	5.072861e+01
1.785000e+02	1.215000e+02	4.900476e+01
1.785000e+02	1.217500e+02	4.723666e+01
1.785000e+02	1.220000e+02	4.535023e+01
1.785000e+02	1.222500e+02	4.348660e+01
1.785000e+02	1.225000e+02	4.157320e+01
1.785000e+02	1.227500e+02	3.960802e+01
1.785000e+02	1.230000e+02	3.758893e+01
1.785000e+02	1.232500e+02	3.551367e+01
1.785000e+02	1.235000e+02	3.337990e+01
1.785000e+02	1.237500e+02	3.118510e+01
1.785000e+02	1.240000e+02	2.892661e+01
1.785000e+02	1.242500e+02	2.660164e+01
1.785000e+02	1.245000e+02	2.420721e+01
1.785000e+02	1.247500e+02	2.174016e+01
1.785000e+02	1.250000e+02	1.919716e+01
1.785000e+02	1.252500e+02	1.657465e+01
1.785000e+02	1.255000e+02	1.386884e+01
1.785000e+02	1.257500e+02	1.107571e+01
1.785000e+02	1.260000e+02	8.076394e+00
1.785000e+02	1.262500e+02	5.091851e+00
1.785000e+02	1.265000e+02	2.006076e+00
1.785000e+02	1.267500e+02	-1.186070e+00
1.785000e+02	1.270000e+02	-4.490486e+00
1.785000e+02	1.272500e+02	-7.912965e+00
1.785000e+02	1.275000e+02	-1.145993e+01
1.785000e+02	1.277500e+02	-1.513830e+01
1.785000e+02	1.280000e+02	-1.895548e+01
1.785000e+02	1.282500e+02	-2.291948e+01
1.785000e+02	1.285000e+02	-2.703889e+01
1.785000e+02	1.287500e+02	-3.132304e+01
1.785000e+02	1.290000e+02	-3.595995e+01
1.785000e+02	1.292500e+02	-4.061175e+01
1.785000e+02	1.295000e+02	-4.546151e+01
1.785000e+02	1.297500e+02	-5.052212e+01
1.785000e+02	1.300000e+02	-5.580759e+01
1.787500e+02	1.200000e+02	6.337944e+01
1.787500e+02	1.202500e+02	6.194605e+01
1.787500e+02	1.205000e+02	6.047898e+01
1.787500e+02	1.207500e+02	5.897701e+01
1.787500e+02	1.210000e+02	5.743890e+01
1.787500e+02	1.212500e+02	5.586333e+01
1.787500e+02	1.215000e+02	5.424891e+01
1.787500e+02	1.217500e+02	5.259421e+01
1.787500e+02	1.220000e+02	5.089768e+01
1.787500e+02	1.222500e+02	4.915773e+01
1.787500e+02	1.225000e+02	4.737268e+01
1.787500e+02	1.227500e+02	4.546241e+01
1.787500e+02	1.230000e+02	4.357985e+01
1.787500e+02	1.232500e+02	4.164649e+01
1.787500e+02	1.235000e+02	3.966028e+01
1.787500e+02	1.237500e+02	3.761900e+01
1.787500e+02	1.240000e+02	3.552035e+01
1.787500e+02	1.242500e+02	3.336188e+01
1.787500e+02	1.245000e+02	3.114099e+01
1.787500e+02	1.247500e+02	2.885496e+01
1.787500e+02	1.250000e+02	2.650087e+01
1.787500e+02	1.252500e+02	2.407565e+01
1.787500e+02	1.255000e+02	2.157603e+01
1.787500e+02	1.257500e+02	1.899855e+01
1.787500e+02	1.260000e+02	1.633951e+01
1.787500e+02	1.262500e+02	1.359499e+01
1.787500e+02	1.265000e+02	1.076082e+01
1.787500e+02	1.267500e+02	7.708810e+00
1.787500e+02	1.270000e+02	4.677733e+00
1.787500e+02	1.272500e+02	1.542523e+00
1.787500e+02	1.275000e+02	-1.702235e+00
1.787500e+02	1.277500e+02	-5.062602e+00
1.787500e+02	1.280000e+02	-8.544677e+00
1.787500e+02	1.282500e+02	-1.215517e+01
1.787500e+02	1.285000e+02	-1.590130e+01
1.787500e+02	1.287500e+02	-1.979086e+01
1.787500e+02	1.290000e+02	-2.383220e+01
1.787500e+02	1.292500e+02	-2.803439e+01
1.787500e+02	1.295000e+02	-3.240718e+01
1.787500e+02	1.297500e+02	-3.715318e+01
1.787500e+02	1.300000e+02	-4.190759e+01
1.790000e+02	1.200000e+02	6.780088e+01
1.790000e+02	1.202500e+02	6.645264e+01
1.790000e+02	1.205000e+02	6.507353e+01
1.790000e+02	1.207500e+02	6.366247e+01
1.790000e+02	1.210000e+02	6.221834e+01
1.790000e+02	1.212500e+02	6.073996e+01
1.790000e+02	1.215000e+02	5.922612e+01
1.790000e+02	1.217500e+02	5.767551e+01
1.790000e+02	1.220000e+02	5.608679e+01
1.790000e+02	1.222500e+02	5.445854e+01
1.790000e+02	1.225000e+02	5.278926e+01
1.790000e+02	1.227500e+02	5.107740e+01
1.790000e+02	1.230000e+02	4.932130e+01
1.790000e+02	1.232500e+02	4.751923e+01
1.790000e+02	1.235000e+02	4.558491e+01
1.790000e+02	1.237500e+02	4.368330e+01
1.790000e+02	1.240000e+02	4.172986e+01
1.790000e+02	1.242500e+02	3.972246e+01
1.790000e+02	1.245000e+02	3.765884e+01
1.790000e+02	1.247500e+02	3.553659e+01
1.790000e+02	1.250000e+02	3.335320e+01
1.790000e+02	1.252500e+02	3.110598e+01
1.790000e+02	1.255000e+02	2.879211e+01
1.790000e+02	1.257500e+02	2.640859e+01
1.790000e+02	1.260000e+02	2.395222e+01
1.790000e+02	1.262500e+02	2.141962e+01
1.790000e+02	1.265000e+02	1.880720e+01
1.790000e+02	1.267500e+02	1.611113e+01
1.790000e+02	1.270000e+02	1.332734e+01
1.790000e+02	1.272500e+02	1.045149e+01
1.790000e+02	1.275000e+02	7.345846e+00
1.790000e+02	1.277500e+02	4.267435e+00
1.790000e+02	1.280000e+02	1.081905e+00
1.790000e+02	1.282500e+02	-2.216456e+00
1.790000e+02	1.285000e+02	-5.633879e+00
1.790000e+02	1.287500e+02	-9.176777e+00
1.790000e+02	1.290000e+02	-1.285216e+01
1.790000e+02	1.292500e+02	-1.666759e+01
1.790000e+02	1.295000e+02	-2.063119e+01
1.790000e+02	1.297500e+02	-2.475177e+01
1.790000e+02	1.300000e+02	-2.903881e+01
1.792500e+02	1.200000e+02	7.201811e+01
1.792500e+02	1.202500e+02	7.074863e+01
1.792500e+02	1.205000e+02	6.945080e+01
1.792500e+02	1.207500e+02	6.812366e+01
1.792500e+02	1.210000e+02	6.676622e+01
1.792500e+02	1.212500e+02	6.537742e+01
1.792500e+02	1.215000e+02	6.395617e+01
1.792500e+02	1.217500e+02	6.250132e+01
1.792500e+02	1.220000e+02	6.101166e+01
1.792500e+02	1.222500e+02	5.948594e+01
1.792500e+02	1.225000e+02	5.792284e+01
1.792500e+02	1.227500e+02	5.632096e+01
1.792500e+02	1.230000e+02	5.467886e+01
1.792500e+02	1.232500e+02	5.299499e+01
1.792500e+02	1.235000e+02	5.126775e+01
1.792500e+02	1.237500e+02	4.949545e+01
1.792500e+02	1.240000e+02	4.767630e+01
1.792500e+02	1.242500e+02	4.571771e+01
1.792500e+02	1.245000e+02	4.379696e+01
1.792500e+02	1.247500e+02	4.182333e+01
1.792500e+02	1.250000e+02	3.979461e+01
1.792500e+02	1.252500e+02	3.770846e+01
1.792500e+02	1.255000e+02	3.556243e+01
1.792500e+02	1.257500e+02	3.335390e+01
1.792500e+02	1.260000e+02	3.108011e+01
1.792500e+02	1.262500e+02	2.873812e+01
1.792500e+02	1.265000e+02	2.632484e+01
1.792500e+02	1.267500e+02	2.383696e+01
1.792500e+02	1.270000e+02	2.127098e+01
1.792500e+02	1.272500e+02	1.862316e+01
1.792500e+02	1.275000e+02	1.588956e+01
1.792500e+02	1.277500e+02	1.306592e+01
1.792500e+02	1.280000e+02	1.014775e+01
1.792500e+02	1.282500e+02	6.987539e+00
1.792500e+02	1.285000e+02	3.860986e+00
1.792500e+02	1.287500e+02	6.243026e-01
1.792500e+02	1.290000e+02	-2.728738e+00
1.792500e+02	1.292500e+02	-6.204338e+00
1.792500e+02	1.295000e+02	-9.809308e+00
1.792500e+02	1.297500e+02	-1.355098e+01
1.792500e+02	1.300000e+02	-1.743725e+01
1.795000e+02	1.200000e+02	7.604490e+01
1.795000e+02	1.202500e+02	7.484838e+01
1.795000e+02	1.205000e+02	7.362578e+01
1.795000e+02	1.207500e+02	7.237626e+01
1.795000e+02	1.210000e+02	7.109892e+01
1.795000e+02	1.212500e+02	6.979281e+01
1.795000e+02	1.215000e+02	6.845697e+01
1.795000e+02	1.217500e+02	6.709036e+01
1.795000e+02	1.220000e+02	6.569191e+01
1.795000e+02	1.222500e+02	6.426050e+01
1.795000e+02	1.225000e+02	6.279496e+01
1.795000e+02	1.227500e+02	6.129404e+01
1.795000e+02	1.230000e+02	5.975647e+01
1.795000e+02	1.232500e+02	5.818088e+01
1.795000e+02	1.235000e+02	5.656584e+01
1.795000e+02	1.237500e+02	5.490987e+01
1.795000e+02	1.240000e+02	5.321139e+01
1.795000e+02	1.242500e+02	5.146874e+01
1.795000e+02	1.245000e+02	4.968019e+01
1.795000e+02	1.247500e+02	4.784390e+01
1.795000e+02	1.250000e+02	4.586086e+01
1.795000e+02	1.252500e+02	4.392086e+01
1.795000e+02	1.255000e+02	4.192692e+01
1.795000e+02	1.257500e+02	3.987674e+01
1.795000e+02	1.260000e+02	3.776792e+01
1.795000e+02	1.262500e+02	3.559792e+01
1.795000e+02	1.265000e+02	3.336404e+01
1.795000e+02	1.267500e+02	3.106343e+01
1.795000e+02	1.270000e+02	2.869305e+01
1.795000e+02	1.272500e+02	2.624969e+01
1.795000e+02	1.275000e+02	2.372994e+01
1.795000e+02	1.277500e+02	2.113017e+01
1.795000e+02	1.280000e+02	1.844651e+01
1.795000e+02	1.282500e+02	1.567486e+01
1.795000e+02	1.285000e+02	1.281080e+01
1.795000e+02	1.287500e+02	9.701788e+00
1.795000e+02	1.290000e+02	6.633950e+00
1.795000e+02	1.292500e+02	3.458426e+00
1.795000e+02	1.295000e+02	1.696279e-01
1.795000e+02	1.297500e+02	-3.239054e+00
1.795000e+02	1.300000e+02	-6.773988e+00
1.797500e+02	1.200000e+02	7.995816e+01
1.797500e+02	1.202500e+02	7.883041e+01
1.797500e+02	1.205000e+02	7.761213e+01
1.797500e+02	1.207500e+02	7.643451e+01
1.797500e+02	1.210000e+02	7.523130e+01
1.797500e+02	1.212500e+02	7.400166e+01
1.797500e+02	1.215000e+02	7.274473e+01
1.797500e+02	1.217500e+02	7.145958e+01
1.797500e+02	1.220000e+02	7.014525e+01
1.797500e+02	1.222500e+02	6.880075e+01
1.797500e+02	1.225000e+02	6.742502e+01
1.797500e+02	1.227500e+02	6.601697e+01
1.797500e+02	1.230000e+02	6.457544e+01
1.797500e+02	1.232500e+02	6.309924e+01
1.797500e+02	1.235000e+02	6.158710e+01
1.797500e+02	1.237500e+02	6.003768e+01
1.797500e+02	1.240000e+02	5.844961e+01
1.797500e+02	1.242500e+02	5.682142e+01
1.797500e+02	1.245000e+02	5.515158e+01
1.797500e+02	1.247500e+02	5.343847e+01
1.797500e+02	1.250000e+02	5.168039e+01
1.797500e+02	1.252500e+02	4.987555e+01
1.797500e+02	1.255000e+02	4.802206e+01
1.797500e+02	1.257500e+02	4.601439e+01
1.797500e+02	1.260000e+02	4.405507e+01
1.797500e+02	1.262500e+02	4.204069e+01
1.797500e+02	1.265000e+02	3.996893e+01
1.797500e+02	1.267500e+02	3.783728e+01
1.797500e+02	1.270000e+02	3.564314e+01
1.797500e+02	1.272500e+02	3.338370e+01
1.797500e+02	1.275000e+02	3.105602e+01
1.797500e+02	1.277500e+02	2.865697e+01
1.797500e+02	1.280000e+02	2.618323e+01
1.797500e+02	1.282500e+02	2.363126e+01
1.797500e+02	1.285000e+02	2.099730e+01
1.797500e+02	1.287500e+02	1.827734e+01
1.797500e+02	1.290000e+02	1.546712e+01
1.797500e+02	1.292500e+02	1.256207e+01
1.797500e+02	1.295000e+02	9.399738e+00
1.797500e+02	1.297500e+02	6.285161e+00
1.797500e+02	1.300000e+02	3.059850e+00
1.800000e+02	1.200000e+02	8.364168e+01
1.800000e+02	1.202500e+02	8.257677e+01
1.800000e+02	1.205000e+02	8.148976e+01
1.800000e+02	1.207500e+02	8.037995e+01
1.800000e+02	1.210000e+02	7.924662e+01
1.800000e+02	1.212500e+02	7.801808e+01
1.800000e+02	1.215000e+02	7.683418e+01
1.800000e+02	1.217500e+02	7.562435e+01
1.800000e+02	1.220000e+02	7.438775e+01
1.800000e+02	1.222500e+02	7.312347e+01
1.800000e+02	1.225000e+02	7.183058e+01
1.800000e+02	1.227500e+02	7.050809e+01
1.800000e+02	1.230000e+02	6.915499e+01
1.800000e+02	1.232500e+02	6.777020e+01
1.800000e+02	1.235000e+02	6.635259e+01
1.800000e+02	1.237500e+02	6.490099e+01
1.800000e+02	1.240000e+02	6.341416e+01
1.800000e+02	1.242500e+02	6.189082e+01
1.800000e+02	1.245000e+02	6.032959e+01
1.800000e+02	1.247500e+02	5.872907e+01
1.800000e+02	1.250000e+02	5.708773e+01
1.800000e+02	1.252500e+02	5.540402e+01
1.800000e+02	1.255000e+02	5.367627e+01
1.800000e+02	1.257500e+02	5.190273e+01
1.800000e+02	1.260000e+02	5.008156e+01
1.800000e+02	1.262500e+02	4.821084e+01
1.800000e+02	1.265000e+02	4.617837e+01
1.800000e+02	1.267500e+02	4.419964e+01
1.800000e+02	1.270000e+02	4.216474e+01
1.800000e+02	1.272500e+02	4.007125e+01
1.800000e+02	1.275000e+02	3.791663e+01
1.800000e+02	1.277500e+02	3.569816e+01
1.800000e+02	1.280000e+02	3.341296e+01
1.800000e+02	1.282500e+02	3.105799e+01
1.800000e+02	1.285000e+02	2.863000e+01
1.800000e+02	1.287500e+02	2.612557e+01
1.800000e+02	1.290000e+02	2.354103e+01
1.800000e+02	1.292500e+02	2.087248e+01
1.800000e+02	1.295000e+02	1.811576e+01
1.800000e+02	1.297500e+02	1.526646e+01
1.800000e+02	1.300000e+02	1.231984e+01
