mu	g3	g2	g1	yt	yb	yc	ys	yu	yd	ytau	ymu	ye	lambda
2.4000000e+02	1.1415981e+00	6.4598446e-01	4.6346448e-01	9.1651131e-01	1.5237141e-02	3.4113928e-03	2.9735136e-04	6.7754282e-06	1.4557828e-05	1.0100458e-02	5.9712477e-04	2.8878935e-06	1.1993831e-01
3.8037437e+02	1.1115617e+00	6.4359114e-01	4.6468117e-01	8.9422684e-01	1.4758537e-02	3.3156009e-03	2.8911083e-04	6.5851739e-06	1.4154386e-05	1.0134505e-02	5.9913729e-04	2.8976267e-06	1.1174073e-01
6.0285274e+02	1.0838186e+00	6.4122067e-01	4.6590655e-01	8.7359123e-01	1.4318590e-02	3.2272069e-03	2.8150985e-04	6.4096127e-06	1.3782255e-05	1.0165067e-02	6.0094380e-04	2.9063636e-06	1.0422283e-01
9.5545721e+02	1.0580884e+00	6.3887303e-01	4.6714082e-01	8.5439805e-01	1.3912293e-02	3.1452699e-03	2.7446703e-04	6.2468759e-06	1.3437451e-05	1.0192472e-02	6.0256367e-04	2.9141978e-06	9.7297883e-02
1.5142976e+03	1.0341368e+00	6.3654813e-01	4.6838417e-01	8.3647583e-01	1.3535507e-02	3.0690101e-03	2.6791490e-04	6.0954147e-06	1.3116670e-05	1.0217001e-02	6.0401354e-04	2.9212099e-06	9.0894520e-02
2.4000000e+03	1.0117661e+00	6.3424585e-01	4.6963678e-01	8.1968076e-01	1.3184776e-02	2.9977749e-03	2.6179700e-04	5.9539330e-06	1.2817148e-05	1.0238900e-02	6.0530788e-04	2.9274697e-06	8.4953408e-02
3.8037437e+03	9.9080831e-01	6.3196603e-01	4.7089884e-01	8.0389117e-01	1.2857187e-02	2.9310131e-03	2.5606567e-04	5.8213360e-06	1.2536552e-05	1.0258381e-02	6.0645929e-04	2.9330383e-06	7.9424714e-02
6.0285274e+03	9.7111950e-01	6.2970850e-01	4.7217051e-01	7.8900330e-01	1.2550268e-02	2.8682556e-03	2.5068032e-04	5.6966920e-06	1.2272895e-05	1.0275632e-02	6.0747888e-04	2.9379694e-06	7.4266215e-02
9.5545721e+03	9.5257558e-01	6.2747304e-01	4.7345197e-01	7.7492804e-01	1.2261900e-02	2.8091002e-03	2.4560617e-04	5.5792022e-06	1.2024474e-05	1.0290820e-02	6.0837647e-04	2.9423105e-06	6.9441837e-02
1.5142976e+04	9.3506890e-01	6.2525943e-01	4.7474338e-01	7.6158838e-01	1.1990262e-02	2.7531998e-03	2.4081321e-04	5.4681772e-06	1.1789818e-05	1.0304091e-02	6.0916079e-04	2.9461037e-06	6.4920529e-02
2.4000000e+04	9.1850553e-01	6.2306744e-01	4.7604493e-01	7.4891731e-01	1.1733772e-02	2.7002529e-03	2.3627536e-04	5.3630183e-06	1.1567653e-05	1.0315579e-02	6.0983965e-04	2.9493869e-06	6.0675374e-02
3.8037437e+04	9.0280310e-01	6.2089684e-01	4.7735678e-01	7.3685623e-01	1.1491054e-02	2.6499962e-03	2.3196987e-04	5.2632025e-06	1.1356864e-05	1.0325401e-02	6.1042003e-04	2.9521938e-06	5.6682893e-02
6.0285274e+04	8.8788902e-01	6.1874736e-01	4.7867909e-01	7.2535364e-01	1.1260900e-02	2.6021987e-03	2.2787675e-04	5.1682709e-06	1.1156472e-05	1.0333665e-02	6.1090826e-04	2.9545550e-06	5.2922478e-02
9.5545721e+04	8.7369899e-01	6.1661875e-01	4.8001204e-01	7.1436404e-01	1.1042247e-02	2.5566565e-03	2.2397838e-04	5.0778186e-06	1.0965614e-05	1.0340466e-02	6.1131004e-04	2.9564982e-06	4.9375946e-02
1.5142976e+05	8.6017591e-01	6.1451076e-01	4.8135581e-01	7.0384707e-01	1.0834155e-02	2.5131890e-03	2.2025916e-04	4.9914869e-06	1.0783527e-05	1.0345892e-02	6.1163056e-04	2.9580483e-06	4.6027164e-02
2.4000000e+05	8.4726877e-01	6.1242311e-01	4.8271055e-01	6.9376677e-01	1.0635788e-02	2.4716355e-03	2.1670518e-04	4.9089567e-06	1.0609531e-05	1.0350024e-02	6.1187454e-04	2.9592282e-06	4.2861756e-02
3.8037437e+05	8.3493191e-01	6.1035555e-01	4.8407644e-01	6.8409098e-01	1.0446401e-02	2.4318525e-03	2.1330406e-04	4.8299429e-06	1.0443018e-05	1.0352934e-02	6.1204629e-04	2.9600589e-06	3.9866846e-02
6.0285274e+05	8.2312429e-01	6.0830781e-01	4.8545367e-01	6.7479084e-01	1.0265327e-02	2.3937113e-03	2.1004466e-04	4.7541899e-06	1.0283443e-05	1.0354689e-02	6.1214976e-04	2.9605593e-06	3.7030858e-02
9.5545721e+05	8.1180889e-01	6.0627963e-01	4.8684240e-01	6.6584036e-01	1.0091968e-02	2.3570962e-03	2.0691699e-04	4.6814679e-06	1.0130318e-05	1.0355350e-02	6.1218858e-04	2.9607470e-06	3.4343342e-02
1.5142976e+06	8.0095224e-01	6.0427073e-01	4.8824282e-01	6.5721605e-01	9.9257840e-03	2.3219027e-03	2.0391203e-04	4.6115693e-06	9.9832001e-06	1.0354975e-02	6.1216609e-04	2.9606382e-06	3.1794827e-02
2.4000000e+06	7.9052399e-01	6.0228086e-01	4.8965511e-01	6.4889664e-01	9.7662862e-03	2.2880362e-03	2.0102159e-04	4.5443064e-06	9.8416894e-06	1.0353614e-02	6.1208537e-04	2.9602479e-06	2.9376703e-02
3.8037437e+06	7.8049653e-01	6.0030976e-01	4.9107945e-01	6.4086279e-01	9.6130325e-03	2.2554109e-03	1.9823828e-04	4.4795087e-06	9.7054230e-06	1.0351317e-02	6.1194928e-04	2.9595897e-06	2.7081113e-02
6.0285274e+06	7.7084470e-01	5.9835717e-01	4.9251603e-01	6.3309687e-01	9.4656210e-03	2.2239487e-03	1.9555533e-04	4.4170210e-06	9.5740706e-06	1.0348128e-02	6.1176046e-04	2.9586765e-06	2.4900869e-02
9.5545721e+06	7.6154548e-01	5.9642283e-01	4.9396505e-01	6.2558279e-01	9.3236850e-03	2.1935783e-03	1.9296660e-04	4.3567018e-06	9.4473307e-06	1.0344088e-02	6.1152136e-04	2.9575201e-06	2.2829370e-02
1.5142976e+07	7.5257782e-01	5.9450649e-01	4.9542668e-01	6.1830582e-01	9.1868898e-03	2.1642345e-03	1.9046645e-04	4.2984214e-06	9.3249275e-06	1.0339237e-02	6.1123425e-04	2.9561316e-06	2.0860545e-02
2.4000000e+07	7.4392236e-01	5.9260790e-01	4.9690114e-01	6.1125243e-01	9.0549288e-03	2.1358574e-03	1.8804971e-04	4.2420611e-06	9.2066082e-06	1.0333609e-02	6.1090127e-04	2.9545212e-06	1.8988790e-02
3.8037437e+07	7.3556132e-01	5.9072680e-01	4.9838862e-01	6.0441017e-01	8.9275204e-03	2.1083921e-03	1.8571164e-04	4.1875118e-06	9.0921405e-06	1.0327239e-02	6.1052440e-04	2.9526985e-06	1.7208922e-02
6.0285274e+07	7.2747829e-01	5.8886296e-01	4.9988933e-01	5.9776757e-01	8.8044060e-03	2.0817880e-03	1.8344788e-04	4.1346729e-06	8.9813106e-06	1.0320158e-02	6.1010549e-04	2.9506725e-06	1.5516134e-02
9.5545721e+07	7.1965813e-01	5.8701614e-01	5.0140346e-01	5.9131406e-01	8.6853471e-03	2.0559984e-03	1.8125439e-04	4.0834517e-06	8.8739211e-06	1.0312395e-02	6.0964627e-04	2.9484515e-06	1.3905963e-02
1.5142976e+08	7.1208682e-01	5.8518609e-01	5.0293124e-01	5.8503982e-01	8.5701233e-03	2.0309802e-03	1.7912745e-04	4.0337625e-06	8.7697897e-06	1.0303977e-02	6.0914837e-04	2.9460435e-06	1.2374251e-02
2.4000000e+08	7.0475139e-01	5.8337259e-01	5.0447289e-01	5.7893578e-01	8.4585311e-03	2.0066933e-03	1.7706361e-04	3.9855259e-06	8.6687475e-06	1.0294931e-02	6.0861330e-04	2.9434557e-06	1.0917123e-02
3.8037437e+08	6.9763978e-01	5.8157539e-01	5.0602861e-01	5.7299350e-01	8.3503817e-03	1.9831008e-03	1.7505967e-04	3.9386683e-06	8.5706378e-06	1.0285281e-02	6.0804250e-04	2.9406951e-06	9.5309535e-03
6.0285274e+08	6.9074078e-01	5.7979428e-01	5.0759863e-01	5.6720513e-01	8.2454999e-03	1.9601680e-03	1.7311265e-04	3.8931211e-06	8.4753151e-06	1.0275049e-02	6.0743730e-04	2.9377682e-06	8.2123522e-03
9.5545721e+08	6.8404396e-01	5.7802903e-01	5.0918319e-01	5.6156339e-01	8.1437228e-03	1.9378631e-03	1.7121979e-04	3.8488208e-06	8.3826440e-06	1.0264256e-02	6.0679899e-04	2.9346811e-06	6.9581393e-03
1.5142976e+09	6.7753961e-01	5.7627942e-01	5.1078251e-01	5.5606144e-01	8.0448989e-03	1.9161560e-03	1.6937852e-04	3.8057080e-06	8.2924983e-06	1.0252923e-02	6.0612874e-04	2.9314396e-06	5.7653290e-03
2.4000000e+09	6.7121862e-01	5.7454523e-01	5.1239684e-01	5.5069292e-01	7.9488868e-03	1.8950189e-03	1.6758642e-04	3.7637272e-06	8.2047601e-06	1.0241069e-02	6.0542768e-04	2.9280490e-06	4.6311139e-03
3.8037436e+09	6.6507251e-01	5.7282625e-01	5.1402641e-01	5.4545187e-01	7.8555545e-03	1.8744257e-03	1.6584124e-04	3.7228266e-06	8.1193193e-06	1.0228712e-02	6.0469687e-04	2.9245146e-06	3.5528504e-03
6.0285274e+09	6.5909334e-01	5.7112227e-01	5.1567148e-01	5.4033271e-01	7.7647785e-03	1.8543520e-03	1.6414089e-04	3.6829578e-06	8.0360728e-06	1.0215868e-02	6.0393731e-04	2.9208411e-06	2.5280465e-03
9.5545721e+09	6.5327364e-01	5.6943308e-01	5.1733230e-01	5.3533021e-01	7.6764433e-03	1.8347748e-03	1.6248338e-04	3.6440753e-06	7.9549242e-06	1.0202554e-02	6.0314994e-04	2.9170331e-06	1.5543498e-03
1.5142976e+10	6.4760643e-01	5.6775849e-01	5.1900912e-01	5.3043944e-01	7.5904405e-03	1.8156728e-03	1.6086688e-04	3.6061364e-06	7.8757827e-06	1.0188785e-02	6.0233567e-04	2.9130950e-06	6.2953736e-04
2.4000000e+10	6.4208513e-01	5.6609828e-01	5.2070222e-01	5.2565579e-01	7.5066686e-03	1.7970257e-03	1.5928963e-04	3.5691011e-06	7.7985633e-06	1.0174575e-02	6.0149532e-04	2.9090308e-06	-2.4849340e-04
3.8037436e+10	6.3670358e-01	5.6445227e-01	5.2241186e-01	5.2097489e-01	7.4250319e-03	1.7788146e-03	1.5775000e-04	3.5329316e-06	7.7231858e-06	1.0159937e-02	6.0062972e-04	2.9048444e-06	-1.0817335e-03
6.0285274e+10	6.3145594e-01	5.6282026e-01	5.2413833e-01	5.1639266e-01	7.3454407e-03	1.7610215e-03	1.5624646e-04	3.4975926e-06	7.6495749e-06	1.0144885e-02	5.9973960e-04	2.9005396e-06	-1.8720700e-03
9.5545721e+10	6.2633673e-01	5.6120206e-01	5.2588189e-01	5.1190521e-01	7.2678103e-03	1.7436297e-03	1.5477755e-04	3.4630504e-06	7.5776595e-06	1.0129431e-02	5.9882570e-04	2.8961196e-06	-2.6212929e-03
1.5142976e+11	6.2134079e-01	5.5959748e-01	5.2764285e-01	5.0750889e-01	7.1920609e-03	1.7266233e-03	1.5334190e-04	3.4292735e-06	7.5073726e-06	1.0113586e-02	5.9788870e-04	2.8915879e-06	-3.3311016e-03
2.4000000e+11	6.1646322e-01	5.5800635e-01	5.2942150e-01	5.0320024e-01	7.1181174e-03	1.7099871e-03	1.5193822e-04	3.3962321e-06	7.4386508e-06	1.0097360e-02	5.9692923e-04	2.8869477e-06	-4.0031109e-03
3.8037436e+11	6.1169942e-01	5.5642848e-01	5.3121814e-01	4.9897599e-01	7.0459085e-03	1.6937070e-03	1.5056529e-04	3.3638980e-06	7.3714343e-06	1.0080765e-02	5.9594792e-04	2.8822017e-06	-4.6388561e-03
6.0285274e+11	6.0704500e-01	5.5486370e-01	5.3303309e-01	4.9483304e-01	6.9753671e-03	1.6777696e-03	1.4922194e-04	3.3322444e-06	7.3056664e-06	1.0063811e-02	5.9494535e-04	2.8773529e-06	-5.2397980e-03
9.5545721e+11	6.0249583e-01	5.5331182e-01	5.3486665e-01	4.9076845e-01	6.9064295e-03	1.6621621e-03	1.4790709e-04	3.3012461e-06	7.2412935e-06	1.0046506e-02	5.9392207e-04	2.8724040e-06	-5.8073274e-03
1.5142976e+12	5.9804799e-01	5.5177269e-01	5.3671916e-01	4.8677944e-01	6.8390356e-03	1.6468725e-03	1.4661969e-04	3.2708790e-06	7.1782647e-06	1.0028860e-02	5.9287860e-04	2.8673574e-06	-6.3427694e-03
2.4000000e+12	5.9369776e-01	5.5024612e-01	5.3859095e-01	4.8286335e-01	6.7731281e-03	1.6318892e-03	1.4535876e-04	3.2411205e-06	7.1165316e-06	1.0010880e-02	5.9181544e-04	2.8622156e-06	-6.8473872e-03
3.8037436e+12	5.8944162e-01	5.4873197e-01	5.4048235e-01	4.7901767e-01	6.7086529e-03	1.6172014e-03	1.4412337e-04	3.2119488e-06	7.0560486e-06	9.9925757e-03	5.9073307e-04	2.8569809e-06	-7.3223853e-03
6.0285274e+12	5.8527620e-01	5.4723006e-01	5.4239373e-01	4.7524000e-01	6.6455586e-03	1.6027988e-03	1.4291261e-04	3.1833434e-06	6.9967720e-06	9.9739538e-03	5.8963194e-04	2.8516555e-06	-7.7689132e-03
9.5545720e+12	5.8119832e-01	5.4574023e-01	5.4432542e-01	4.7152806e-01	6.5837963e-03	1.5886714e-03	1.4172565e-04	3.1552849e-06	6.9386603e-06	9.9550217e-03	5.8851247e-04	2.8462414e-06	-8.1880685e-03
1.5142976e+13	5.7720495e-01	5.4426233e-01	5.4627782e-01	4.6787968e-01	6.5233194e-03	1.5748100e-03	1.4056168e-04	3.1277544e-06	6.8816743e-06	9.9357863e-03	5.8737507e-04	2.8407405e-06	-8.5808991e-03
2.4000000e+13	5.7329320e-01	5.4279620e-01	5.4825128e-01	4.6429278e-01	6.4640838e-03	1.5612056e-03	1.3941993e-04	3.1007344e-06	6.8257762e-06	9.9162541e-03	5.8622013e-04	2.8351548e-06	-8.9484066e-03
3.8037436e+13	5.6946032e-01	5.4134170e-01	5.5024619e-01	4.6076539e-01	6.4060472e-03	1.5478496e-03	1.3829967e-04	3.0742078e-06	6.7709302e-06	9.8964312e-03	5.8504801e-04	2.8294860e-06	-9.2915482e-03
6.0285274e+13	5.6570368e-01	5.3989867e-01	5.5226296e-01	4.5729561e-01	6.3491695e-03	1.5347339e-03	1.3720021e-04	3.0481586e-06	6.7171023e-06	9.8763236e-03	5.8385905e-04	2.8237359e-06	-9.6112393e-03
9.5545720e+13	5.6202078e-01	5.3846696e-01	5.5430197e-01	4.5388164e-01	6.2934123e-03	1.5218509e-03	1.3612087e-04	3.0225713e-06	6.6642598e-06	9.8559368e-03	5.8265359e-04	2.8179059e-06	-9.9083553e-03
1.5142976e+14	5.5840924e-01	5.3704644e-01	5.5636366e-01	4.5052176e-01	6.2387393e-03	1.5091930e-03	1.3506103e-04	2.9974313e-06	6.6123716e-06	9.8352762e-03	5.8143195e-04	2.8119976e-06	-1.0183734e-02
2.4000000e+14	5.5486677e-01	5.3563696e-01	5.5844845e-01	4.4721430e-01	6.1851153e-03	1.4967532e-03	1.3402007e-04	2.9727243e-06	6.5614079e-06	9.8143466e-03	5.8019441e-04	2.8060124e-06	-1.0438177e-02
3.8037436e+14	5.5139119e-01	5.3423838e-01	5.6055677e-01	4.4395770e-01	6.1325072e-03	1.4845246e-03	1.3299741e-04	2.9484371e-06	6.5113402e-06	9.7931530e-03	5.7894126e-04	2.7999518e-06	-1.0672452e-02
6.0285274e+14	5.4798043e-01	5.3285056e-01	5.6268907e-01	4.4075043e-01	6.0808829e-03	1.4725009e-03	1.3199249e-04	2.9245565e-06	6.4621413e-06	9.7716998e-03	5.7767277e-04	2.7938169e-06	-1.0887294e-02
9.5545720e+14	5.4463247e-01	5.3147338e-01	5.6484582e-01	4.3759104e-01	6.0302119e-03	1.4606758e-03	1.3100479e-04	2.9010704e-06	6.4137852e-06	9.7499912e-03	5.7638918e-04	2.7876091e-06	-1.1083407e-02
1.5142976e+15	5.4134542e-01	5.3010669e-01	5.6702750e-01	4.3447813e-01	5.9804651e-03	1.4490433e-03	1.3003380e-04	2.8779669e-06	6.3662468e-06	9.7280313e-03	5.7509074e-04	2.7813294e-06	-1.1261464e-02
2.4000000e+15	5.3811745e-01	5.2875037e-01	5.6923457e-01	4.3141037e-01	5.9316145e-03	1.4375977e-03	1.2907901e-04	2.8552345e-06	6.3195021e-06	9.7058239e-03	5.7377767e-04	2.7749789e-06	-1.1422113e-02
3.8037436e+15	5.3494679e-01	5.2740429e-01	5.7146756e-01	4.2838647e-01	5.8836333e-03	1.4263335e-03	1.2813997e-04	2.8328625e-06	6.2735282e-06	9.6833725e-03	5.7245018e-04	2.7685588e-06	-1.1565971e-02
6.0285274e+15	5.3183178e-01	5.2606833e-01	5.7372696e-01	4.2540519e-01	5.8364956e-03	1.4152454e-03	1.2721622e-04	2.8108403e-06	6.2283031e-06	9.6606807e-03	5.7110847e-04	2.7620698e-06	-1.1693633e-02
9.5545720e+15	5.2877079e-01	5.2474235e-01	5.7601332e-01	4.2246535e-01	5.7901770e-03	1.4043284e-03	1.2630734e-04	2.7891580e-06	6.1838055e-06	9.6377515e-03	5.6975274e-04	2.7555130e-06	-1.1805667e-02
1.5142976e+16	5.2576229e-01	5.2342625e-01	5.7832716e-01	4.1956580e-01	5.7446537e-03	1.3935777e-03	1.2541290e-04	2.7678057e-06	6.1400152e-06	9.6145879e-03	5.6838315e-04	2.7488892e-06	-1.1902617e-02
2.4000000e+16	5.2280478e-01	5.2211989e-01	5.8066906e-01	4.1670544e-01	5.6999030e-03	1.3829885e-03	1.2453250e-04	2.7467744e-06	6.0969125e-06	9.5911927e-03	5.6699987e-04	2.7421992e-06	-1.1985007e-02
3.8037436e+16	5.1989683e-01	5.2082317e-01	5.8303958e-01	4.1388320e-01	5.6559031e-03	1.3725563e-03	1.2366577e-04	2.7260549e-06	6.0544786e-06	9.5675686e-03	5.6560307e-04	2.7354438e-06	-1.2053337e-02
6.0285274e+16	5.1703708e-01	5.1953596e-01	5.8543932e-01	4.1109808e-01	5.6126328e-03	1.3622769e-03	1.2281233e-04	2.7056387e-06	6.0126956e-06	9.5437180e-03	5.6419287e-04	2.7286236e-06	-1.2108087e-02
9.5545720e+16	5.1422420e-01	5.1825815e-01	5.8786888e-01	4.0834908e-01	5.5700721e-03	1.3521460e-03	1.2197182e-04	2.6855175e-06	5.9715459e-06	9.5196431e-03	5.6276942e-04	2.7217393e-06	-1.2149717e-02
1.5142976e+17	5.1145692e-01	5.1698964e-01	5.9032889e-01	4.0563525e-01	5.5282016e-03	1.3421596e-03	1.2114391e-04	2.6656833e-06	5.9310127e-06	9.4953462e-03	5.6133284e-04	2.7147916e-06	-1.2178668e-02
2.4000000e+17	5.0873403e-01	5.1573030e-01	5.9282000e-01	4.0295568e-01	5.4870024e-03	1.3323138e-03	1.2032827e-04	2.6461285e-06	5.8910800e-06	9.4708290e-03	5.5988324e-04	2.7077808e-06	-1.2195363e-02
3.8037436e+17	5.0605434e-01	5.1448003e-01	5.9534286e-01	4.0030947e-01	5.4464566e-03	1.3226049e-03	1.1952457e-04	2.6268455e-06	5.8517322e-06	9.4460934e-03	5.5842074e-04	2.7007077e-06	-1.2200208e-02
6.0285274e+17	5.0341673e-01	5.1323873e-01	5.9789816e-01	3.9769577e-01	5.4065469e-03	1.3130293e-03	1.1873250e-04	2.6078273e-06	5.8129542e-06	9.4211411e-03	5.5694542e-04	2.6935726e-06	-1.2193590e-02
9.5545720e+17	5.0082009e-01	5.1200629e-01	6.0048661e-01	3.9511376e-01	5.3672565e-03	1.3035835e-03	1.1795179e-04	2.5890668e-06	5.7747315e-06	9.3959734e-03	5.5545738e-04	2.6863759e-06	-1.2175881e-02
1.5142976e+18	4.9826339e-01	5.1078260e-01	6.0310893e-01	3.9256263e-01	5.3285692e-03	1.2942641e-03	1.1718212e-04	2.5705574e-06	5.7370501e-06	9.3705918e-03	5.5395669e-04	2.6791181e-06	-1.2147439e-02
2.4000000e+18	4.9574559e-01	5.0956757e-01	6.0576586e-01	3.9004161e-01	5.2904696e-03	1.2850679e-03	1.1642324e-04	2.5522926e-06	5.6998966e-06	9.3449973e-03	5.5244342e-04	2.6717994e-06	-1.2108603e-02
3.8037436e+18	4.9326573e-01	5.0836109e-01	6.0845819e-01	3.8754995e-01	5.2529426e-03	1.2759917e-03	1.1567488e-04	2.5342662e-06	5.6632580e-06	9.3191912e-03	5.5091764e-04	2.6644202e-06	-1.2059701e-02
6.0285274e+18	4.9082286e-01	5.0716307e-01	6.1118670e-01	3.8508691e-01	5.2159737e-03	1.2670325e-03	1.1493677e-04	2.5164722e-06	5.6271215e-06	9.2931741e-03	5.4937940e-04	2.6569807e-06	-1.2001045e-02
9.5545720e+18	4.8841607e-01	5.0597341e-01	6.1395222e-01	3.8265181e-01	5.1795488e-03	1.2581873e-03	1.1420868e-04	2.4989046e-06	5.5914750e-06	9.2669470e-03	5.4782873e-04	2.6494812e-06	-1.1932935e-02
1.5142976e+19	4.8604447e-01	5.0479201e-01	6.1675559e-01	3.8024395e-01	5.1436545e-03	1.2494533e-03	1.1349035e-04	2.4815578e-06	5.5563067e-06	9.2405105e-03	5.4626569e-04	2.6419218e-06	-1.1855657e-02
2.4000000e+19	4.8370721e-01	5.0361878e-01	6.1959769e-01	3.7786267e-01	5.1082777e-03	1.2408277e-03	1.1278155e-04	2.4644263e-06	5.5216053e-06	9.2138649e-03	5.4469030e-04	2.6343027e-06	-1.1769484e-02
3.8037436e+19	4.8140347e-01	5.0245363e-01	6.2247942e-01	3.7550734e-01	5.0734057e-03	1.2323078e-03	1.1208206e-04	2.4475048e-06	5.4873596e-06	9.1870108e-03	5.4310258e-04	2.6266239e-06	-1.1674677e-02
6.0285274e+19	4.7913247e-01	5.0129646e-01	6.2540171e-01	3.7317732e-01	5.0390263e-03	1.2238910e-03	1.1139167e-04	2.4307882e-06	5.4535590e-06	9.1599482e-03	5.4150254e-04	2.6188856e-06	-1.1571486e-02
9.5545720e+19	4.7689341e-01	5.0014719e-01	6.2836553e-01	3.7087201e-01	5.0051276e-03	1.2155749e-03	1.1071015e-04	2.4142713e-06	5.4201932e-06	9.1326774e-03	5.3989018e-04	2.6110877e-06	-1.1460149e-02
1.5142976e+20	4.7468558e-01	4.9900573e-01	6.3137187e-01	3.6859082e-01	4.9716982e-03	1.2073569e-03	1.1003731e-04	2.3979495e-06	5.3872520e-06	9.1051982e-03	5.3826552e-04	2.6032303e-06	-1.1340892e-02
2.4000000e+20	4.7250823e-01	4.9787199e-01	6.3442176e-01	3.6633318e-01	4.9387270e-03	1.1992348e-03	1.0937295e-04	2.3818179e-06	5.3547258e-06	9.0775105e-03	5.3662853e-04	2.5953133e-06	-1.1213933e-02
3.8037436e+20	4.7036068e-01	4.9674589e-01	6.3751627e-01	3.6409853e-01	4.9062033e-03	1.1912061e-03	1.0871687e-04	2.3658720e-06	5.3226052e-06	9.0496141e-03	5.3497920e-04	2.5873366e-06	-1.1079476e-02
6.0285274e+20	4.6824226e-01	4.9562734e-01	6.4065649e-01	3.6188633e-01	4.8741165e-03	1.1832686e-03	1.0806889e-04	2.3501073e-06	5.2908810e-06	9.0215084e-03	5.3331751e-04	2.5793001e-06	-1.0937718e-02
9.5545720e+20	4.6615230e-01	4.9451625e-01	6.4384358e-01	3.5969605e-01	4.8424566e-03	1.1754202e-03	1.0742882e-04	2.3345195e-06	5.2595443e-06	8.9931929e-03	5.3164341e-04	2.5712036e-06	-1.0788844e-02
1.5142976e+21	4.6409018e-01	4.9341256e-01	6.4707870e-01	3.5752718e-01	4.8112138e-03	1.1676588e-03	1.0679649e-04	2.3191044e-06	5.2285865e-06	8.9646669e-03	5.2995687e-04	2.5630469e-06	-1.0633029e-02
2.4000000e+21	4.6205528e-01	4.9231616e-01	6.5036308e-01	3.5537920e-01	4.7803786e-03	1.1599823e-03	1.0617173e-04	2.3038579e-06	5.1979992e-06	8.9359296e-03	5.2825785e-04	2.5548299e-06	-1.0470441e-02
3.8037436e+21	4.6004700e-01	4.9122700e-01	6.5369799e-01	3.5325165e-01	4.7499418e-03	1.1523886e-03	1.0555437e-04	2.2887760e-06	5.1677743e-06	8.9069801e-03	5.2654628e-04	2.5465522e-06	-1.0301237e-02
6.0285274e+21	4.5806478e-01	4.9014499e-01	6.5708474e-01	3.5114403e-01	4.7198943e-03	1.1448758e-03	1.0494425e-04	2.2738548e-06	5.1379039e-06	8.8778173e-03	5.2482210e-04	2.5382135e-06	-1.0125566e-02
9.5545720e+21	4.5610805e-01	4.8907004e-01	6.6052469e-01	3.4905588e-01	4.6902276e-03	1.1374421e-03	1.0434122e-04	2.2590905e-06	5.1083803e-06	8.8484399e-03	5.2308524e-04	2.5298135e-06	-9.9435667e-03
1.5142976e+22	4.5417627e-01	4.8800210e-01	6.6401925e-01	3.4698674e-01	4.6609332e-03	1.1300855e-03	1.0374511e-04	2.2444795e-06	5.0791961e-06	8.8188466e-03	5.2133562e-04	2.5213517e-06	-9.7553706e-03
2.4000000e+22	4.5226891e-01	4.8694107e-01	6.6756988e-01	3.4493618e-01	4.6320028e-03	1.1228043e-03	1.0315579e-04	2.2300181e-06	5.0503439e-06	8.7890359e-03	5.1957316e-04	2.5128278e-06	-9.5611004e-03
3.8037436e+22	4.5038546e-01	4.8588689e-01	6.7117811e-01	3.4290374e-01	4.6034284e-03	1.1155967e-03	1.0257311e-04	2.2157029e-06	5.0218167e-06	8.7590062e-03	5.1779774e-04	2.5042413e-06	-9.3608702e-03
6.0285274e+22	4.4852543e-01	4.8483949e-01	6.7484551e-01	3.4088902e-01	4.5752024e-03	1.1084608e-03	1.0199692e-04	2.2015303e-06	4.9936076e-06	8.7287558e-03	5.1600928e-04	2.4955917e-06	-9.1547862e-03
9.5545720e+22	4.4668833e-01	4.8379880e-01	6.7857372e-01	3.3889158e-01	4.5473171e-03	1.1013952e-03	1.0142710e-04	2.1874971e-06	4.9657099e-06	8.6982826e-03	5.1420765e-04	2.4868785e-06	-8.9429462e-03
1.5142976e+23	4.4487369e-01	4.8276473e-01	6.8236444e-01	3.3691103e-01	4.5197652e-03	1.0943980e-03	1.0086350e-04	2.1736000e-06	4.9381170e-06	8.6675846e-03	5.1239274e-04	2.4781009e-06	-8.7254403e-03
2.4000000e+23	4.4308107e-01	4.8173723e-01	6.8621944e-01	3.3494695e-01	4.4925396e-03	1.0874678e-03	1.0030600e-04	2.1598357e-06	4.9108227e-06	8.6366596e-03	5.1056441e-04	2.4692585e-06	-8.5023503e-03
3.8037436e+23	4.4131002e-01	4.8071623e-01	6.9014057e-01	3.3299897e-01	4.4656332e-03	1.0806028e-03	9.9754465e-05	2.1462011e-06	4.8838205e-06	8.6055054e-03	5.0872253e-04	2.4603506e-06	-8.2737505e-03
6.0285274e+23	4.3956010e-01	4.7970166e-01	6.9412974e-01	3.3106668e-01	4.4390393e-03	1.0738016e-03	9.9208778e-05	2.1326931e-06	4.8571046e-06	8.5741192e-03	5.0686694e-04	2.4513763e-06	-8.0397071e-03
9.5545720e+23	4.3783090e-01	4.7869344e-01	6.9818895e-01	3.2914971e-01	4.4127513e-03	1.0670627e-03	9.8668816e-05	2.1193088e-06	4.8306689e-06	8.5424985e-03	5.0499749e-04	2.4423351e-06	-7.8002785e-03
1.5142976e+24	4.3612202e-01	4.7769153e-01	7.0232027e-01	3.2724768e-01	4.3867627e-03	1.0603845e-03	9.8134461e-05	2.1060452e-06	4.8045078e-06	8.5106404e-03	5.0311401e-04	2.4332259e-06	-7.5555155e-03
2.4000000e+24	4.3443306e-01	4.7669585e-01	7.0652588e-01	3.2536024e-01	4.3610672e-03	1.0537656e-03	9.7605597e-05	2.0928993e-06	4.7786155e-06	8.4785419e-03	5.0121632e-04	2.4240481e-06	-7.3054608e-03
3.8037436e+24	4.3276364e-01	4.7570633e-01	7.1080802e-01	3.2348701e-01	4.3356587e-03	1.0472046e-03	9.7082113e-05	2.0798684e-06	4.7529865e-06	8.4461999e-03	4.9930423e-04	2.4148006e-06	-7.0501494e-03
6.0285274e+24	4.3111338e-01	4.7472292e-01	7.1516905e-01	3.2162765e-01	4.3105312e-03	1.0407001e-03	9.6563896e-05	2.0669495e-06	4.7276155e-06	8.4136109e-03	4.9737755e-04	2.4054825e-06	-6.7896084e-03
9.5545720e+24	4.2948191e-01	4.7374556e-01	7.1961143e-01	3.1978180e-01	4.2856788e-03	1.0342506e-03	9.6050841e-05	2.0541401e-06	4.7024971e-06	8.3807713e-03	4.9543606e-04	2.3960928e-06	-6.5238568e-03
1.5142976e+25	4.2786889e-01	4.7277418e-01	7.2413773e-01	3.1794911e-01	4.2610959e-03	1.0278548e-03	9.5542842e-05	2.0414374e-06	4.6776263e-06	8.3476776e-03	4.9347954e-04	2.3866304e-06	-6.2529057e-03
2.4000000e+25	4.2627397e-01	4.7180872e-01	7.2875063e-01	3.1612924e-01	4.2367768e-03	1.0215114e-03	9.5039795e-05	2.0288387e-06	4.6529979e-06	8.3143256e-03	4.9150776e-04	2.3770942e-06	-5.9767578e-03
3.8037436e+25	4.2469680e-01	4.7084913e-01	7.3345292e-01	3.1432185e-01	4.2127160e-03	1.0152191e-03	9.4541600e-05	2.0163413e-06	4.6286071e-06	8.2807113e-03	4.8952048e-04	2.3674831e-06	-5.6954077e-03
6.0285274e+25	4.2313707e-01	4.6989535e-01	7.3824755e-01	3.1252661e-01	4.1889083e-03	1.0089765e-03	9.4048157e-05	2.0039428e-06	4.6044489e-06	8.2468303e-03	4.8751743e-04	2.3577957e-06	-5.4088413e-03
9.5545720e+25	4.2159446e-01	4.6894731e-01	7.4313758e-01	3.1074319e-01	4.1653484e-03	1.0027823e-03	9.3559369e-05	1.9916405e-06	4.5805187e-06	8.2126781e-03	4.8549835e-04	2.3480307e-06	-5.1170360e-03
1.5142976e+26	4.2006865e-01	4.6800496e-01	7.4812622e-01	3.0897125e-01	4.1420311e-03	9.9663537e-04	9.3075141e-05	1.9794320e-06	4.5568117e-06	8.1782497e-03	4.8346295e-04	2.3381869e-06	-4.8199601e-03
2.4000000e+26	4.1855934e-01	4.6706825e-01	7.5321683e-01	3.0721046e-01	4.1189515e-03	9.9053435e-04	9.2595381e-05	1.9673146e-06	4.5333234e-06	8.1435402e-03	4.8141093e-04	2.3282626e-06	-4.5175730e-03
3.8037436e+26	4.1706624e-01	4.6613712e-01	7.5841295e-01	3.0546052e-01	4.0961047e-03	9.8447801e-04	9.2119995e-05	1.9552860e-06	4.5100493e-06	8.1085444e-03	4.7934199e-04	2.3182565e-06	-4.2098244e-03
6.0285274e+26	4.1558905e-01	4.6521152e-01	7.6371829e-01	3.0372108e-01	4.0734858e-03	9.7846513e-04	9.1648893e-05	1.9433438e-06	4.4869849e-06	8.0732565e-03	4.7725578e-04	2.3081669e-06	-3.8966543e-03
9.5545720e+26	4.1412750e-01	4.6429139e-01	7.6913671e-01	3.0199183e-01	4.0510900e-03	9.7249449e-04	9.1181988e-05	1.9314854e-06	4.4641260e-06	8.0376708e-03	4.7515197e-04	2.2979922e-06	-3.5779928e-03
1.5142976e+27	4.1268132e-01	4.6337667e-01	7.7467232e-01	3.0027245e-01	4.0289128e-03	9.6656485e-04	9.0719191e-05	1.9197084e-06	4.4414682e-06	8.0017812e-03	4.7303020e-04	2.2877306e-06	-3.2537593e-03
2.4000000e+27	4.1125023e-01	4.6246733e-01	7.8032941e-01	2.9856261e-01	4.0069495e-03	9.6067503e-04	9.0260417e-05	1.9080106e-06	4.4190073e-06	7.9655812e-03	4.7089009e-04	2.2773803e-06	-2.9238621e-03
3.8037436e+27	4.0983397e-01	4.6156330e-01	7.8611249e-01	2.9686201e-01	3.9851958e-03	9.5482382e-04	8.9805580e-05	1.8963894e-06	4.3967393e-06	7.9290642e-03	4.6873123e-04	2.2669394e-06	-2.5881985e-03
6.0285274e+27	4.0843229e-01	4.6066453e-01	7.9202632e-01	2.9517030e-01	3.9636471e-03	9.4901001e-04	8.9354598e-05	1.8848425e-06	4.3746599e-06	7.8922231e-03	4.6655322e-04	2.2564058e-06	-2.2466532e-03
9.5545720e+27	4.0704495e-01	4.5977098e-01	7.9807591e-01	2.9348719e-01	3.9422991e-03	9.4323242e-04	8.8907388e-05	1.8733675e-06	4.3527652e-06	7.8550505e-03	4.6435561e-04	2.2457774e-06	-1.8990989e-03
1.5142976e+28	4.0567169e-01	4.5888260e-01	8.0426655e-01	2.9181234e-01	3.9211475e-03	9.3748985e-04	8.8463867e-05	1.8619621e-06	4.3310512e-06	7.8175386e-03	4.6213795e-04	2.2350521e-06	-1.5453947e-03
2.4000000e+28	4.0431229e-01	4.5799933e-01	8.1060381e-01	2.9014542e-01	3.9001882e-03	9.3178110e-04	8.8023957e-05	1.8506239e-06	4.3095139e-06	7.7796793e-03	4.5989975e-04	2.2242274e-06	-1.1853857e-03
3.8037436e+28	4.0296651e-01	4.5712113e-01	8.1709360e-01	2.8848612e-01	3.8794169e-03	9.2610499e-04	8.7587576e-05	1.8393505e-06	4.2881494e-06	7.7414640e-03	4.5764051e-04	2.2133010e-06	-8.1890218e-04
6.0285274e+28	4.0163412e-01	4.5624795e-01	8.2374213e-01	2.8683410e-01	3.8588295e-03	9.2046031e-04	8.7154646e-05	1.8281395e-06	4.2669538e-06	7.7028838e-03	4.5535970e-04	2.2022702e-06	-4.4575885e-04
9.5545720e+28	4.0031491e-01	4.5537974e-01	8.3055600e-01	2.8518904e-01	3.8384220e-03	9.1484585e-04	8.6725088e-05	1.8169885e-06	4.2459234e-06	7.6639292e-03	4.5305676e-04	2.1911325e-06	-6.5753563e-05
1.5142976e+29	3.9900866e-01	4.5451647e-01	8.3754221e-01	2.8355059e-01	3.8181903e-03	9.0926040e-04	8.6298825e-05	1.8058952e-06	4.2250542e-06	7.6245904e-03	4.5073112e-04	2.1798848e-06	3.2133362e-04
2.4000000e+29	3.9771516e-01	4.5365807e-01	8.4470814e-01	2.8191841e-01	3.7981304e-03	9.0370274e-04	8.5875779e-05	1.7948570e-06	4.2043426e-06	7.5848570e-03	4.4838214e-04	2.1685244e-06	7.1574166e-04
3.8037436e+29	3.9643420e-01	4.5280452e-01	8.5206165e-01	2.8029217e-01	3.7782384e-03	8.9817163e-04	8.5455873e-05	1.7838716e-06	4.1837847e-06	7.5447179e-03	4.4600919e-04	2.1570480e-06	1.1177299e-03
6.0285274e+29	3.9516558e-01	4.5195575e-01	8.5961110e-01	2.7867151e-01	3.7585103e-03	8.9266582e-04	8.5039030e-05	1.7729364e-06	4.1633767e-06	7.5041618e-03	4.4361158e-04	2.1454524e-06	1.5275797e-03
9.5545720e+29	3.9390910e-01	4.5111174e-01	8.6736536e-01	2.7705606e-01	3.7389422e-03	8.8718405e-04	8.4625174e-05	1.7620490e-06	4.1431150e-06	7.4631764e-03	4.4118861e-04	2.1337341e-06	1.9455956e-03
1.5142976e+30	3.9266459e-01	4.5027243e-01	8.7533389e-01	2.7544548e-01	3.7195303e-03	8.8172502e-04	8.4214227e-05	1.7512067e-06	4.1229957e-06	7.4217491e-03	4.3873951e-04	2.1218894e-06	2.3721080e-03
2.4000000e+30	3.9143183e-01	4.4943779e-01	8.8352675e-01	2.7383938e-01	3.7002705e-03	8.7628743e-04	8.3806114e-05	1.7404070e-06	4.1030151e-06	7.3798664e-03	4.3626349e-04	2.1099146e-06	2.8074742e-03
3.8037436e+30	3.9021066e-01	4.4860777e-01	8.9195469e-01	2.7223739e-01	3.6811592e-03	8.7086996e-04	8.3400757e-05	1.7296473e-06	4.0831695e-06	7.3375140e-03	4.3375971e-04	2.0978055e-06	3.2520816e-03
6.0285274e+30	3.8900089e-01	4.4778233e-01	9.0062922e-01	2.7063910e-01	3.6621923e-03	8.6547122e-04	8.2998078e-05	1.7189248e-06	4.0634550e-06	7.2946771e-03	4.3122728e-04	2.0855578e-06	3.7063495e-03
9.5545720e+30	3.8780234e-01	4.4696143e-01	9.0956261e-01	2.6904413e-01	3.6433660e-03	8.6008984e-04	8.2598000e-05	1.7082368e-06	4.0438678e-06	7.2513398e-03	4.2866528e-04	2.0731672e-06	4.1707324e-03
1.5142976e+31	3.8661485e-01	4.4614502e-01	9.1876803e-01	2.6745204e-01	3.6246763e-03	8.5472439e-04	8.2200445e-05	1.6975803e-06	4.0244041e-06	7.2074853e-03	4.2607272e-04	2.0606286e-06	4.6457229e-03
2.4000000e+31	3.8543824e-01	4.4533308e-01	9.2825962e-01	2.6586242e-01	3.6061194e-03	8.4937338e-04	8.1805333e-05	1.6869526e-06	4.0050601e-06	7.1630961e-03	4.2344854e-04	2.0479372e-06	5.1318553e-03
3.8037436e+31	3.8427236e-01	4.4452556e-01	9.3805254e-01	2.6427482e-01	3.5876913e-03	8.4403532e-04	8.1412583e-05	1.6763506e-06	3.9858317e-06	7.1181534e-03	4.2079164e-04	2.0350876e-06	5.6297097e-03
6.0285274e+31	3.8311704e-01	4.4372242e-01	9.4816312e-01	2.6268877e-01	3.5693880e-03	8.3870864e-04	8.1022115e-05	1.6657712e-06	3.9667150e-06	7.0726372e-03	4.1810084e-04	2.0220740e-06	6.1399160e-03
9.5545720e+31	3.8197211e-01	4.4292363e-01	9.5860897e-01	2.6110381e-01	3.5512055e-03	8.3339171e-04	8.0633844e-05	1.6552112e-06	3.9477059e-06	7.0265266e-03	4.1537491e-04	2.0088905e-06	6.6631595e-03
1.5142976e+32	3.8083744e-01	4.4212914e-01	9.6940907e-01	2.5951942e-01	3.5331395e-03	8.2808286e-04	8.0247687e-05	1.6446672e-06	3.9288003e-06	6.9797991e-03	4.1261251e-04	1.9955306e-06	7.2001862e-03
2.4000000e+32	3.7971286e-01	4.4133892e-01	9.8058396e-01	2.5793509e-01	3.5151860e-03	8.2278034e-04	7.9863557e-05	1.6341358e-06	3.9099939e-06	6.9324310e-03	4.0981224e-04	1.9819876e-06	7.7518094e-03
3.8037436e+32	3.7859823e-01	4.4055294e-01	9.9215590e-01	2.5635028e-01	3.4973407e-03	8.1748233e-04	7.9481365e-05	1.6236133e-06	3.8912823e-06	6.8843967e-03	4.0697260e-04	1.9682542e-06	8.3189165e-03
6.0285273e+32	3.7749341e-01	4.3977115e-01	1.0041490e+00	2.5476440e-01	3.4795992e-03	8.1218693e-04	7.9101019e-05	1.6130960e-06	3.8726612e-06	6.8356694e-03	4.0409199e-04	1.9543226e-06	8.9024781e-03
9.5545720e+32	3.7639825e-01	4.3899352e-01	1.0165896e+00	2.5317685e-01	3.4619570e-03	8.0689213e-04	7.8722426e-05	1.6025800e-06	3.8541259e-06	6.7862201e-03	4.0116870e-04	1.9401846e-06	9.5035566e-03
1.5142976e+33	3.7531261e-01	4.3822002e-01	1.0295062e+00	2.5158700e-01	3.4444096e-03	8.0159584e-04	7.8345487e-05	1.5920609e-06	3.8356716e-06	6.7360179e-03	3.9820091e-04	1.9258313e-06	1.0123317e-02
2.4000000e+33	3.7423636e-01	4.3745061e-01	1.0429302e+00	2.4999417e-01	3.4269521e-03	7.9629584e-04	7.7970101e-05	1.5815345e-06	3.8172933e-06	6.6850297e-03	3.9518665e-04	1.9112534e-06	1.0763041e-02
3.8037436e+33	3.7316937e-01	4.3668527e-01	1.0568956e+00	2.4839764e-01	3.4095796e-03	7.9098978e-04	7.7596163e-05	1.5709961e-06	3.7989859e-06	6.6332201e-03	3.9212384e-04	1.8964406e-06	1.1424139e-02
6.0285273e+33	3.7211150e-01	4.3592395e-01	1.0714401e+00	2.4679666e-01	3.3922869e-03	7.8567519e-04	7.7223563e-05	1.5604407e-06	3.7807440e-06	6.5805509e-03	3.8901022e-04	1.8813821e-06	1.2108166e-02
9.5545720e+33	3.7106262e-01	4.3516662e-01	1.0866048e+00	2.4519042e-01	3.3750688e-03	7.8034941e-04	7.6852184e-05	1.5498631e-06	3.7625619e-06	6.5269810e-03	3.8584335e-04	1.8660661e-06	1.2816844e-02
1.5142976e+34	3.7002262e-01	4.3441325e-01	1.1024354e+00	2.4357803e-01	3.3579196e-03	7.7500964e-04	7.6481904e-05	1.5392577e-06	3.7444336e-06	6.4724662e-03	3.8262063e-04	1.8504800e-06	1.3552081e-02
2.4000000e+34	3.6899137e-01	4.3366381e-01	1.1189822e+00	2.4195857e-01	3.3408333e-03	7.6965283e-04	7.6112594e-05	1.5286184e-06	3.7263527e-06	6.4169586e-03	3.7933922e-04	1.8346100e-06	1.4315999e-02
3.8037436e+34	3.6796875e-01	4.3291827e-01	1.1363011e+00	2.4033103e-01	3.3238037e-03	7.6427576e-04	7.5744118e-05	1.5179390e-06	3.7083127e-06	6.3604063e-03	3.7599605e-04	1.8184413e-06	1.5110964e-02
6.0285273e+34	3.6695464e-01	4.3217660e-01	1.1544541e+00	2.3869433e-01	3.3068241e-03	7.5887492e-04	7.5376327e-05	1.5072123e-06	3.6903063e-06	6.3027530e-03	3.7258781e-04	1.8019579e-06	1.5939618e-02
9.5545719e+34	3.6594893e-01	4.3143877e-01	1.1735108e+00	2.3704729e-01	3.2898875e-03	7.5344652e-04	7.5009067e-05	1.4964308e-06	3.6723258e-06	6.2439376e-03	3.6911086e-04	1.7851422e-06	1.6804928e-02
1.5142976e+35	3.6495150e-01	4.3070475e-01	1.1935491e+00	2.3538862e-01	3.2729862e-03	7.4798646e-04	7.4642167e-05	1.4855865e-06	3.6543630e-06	6.1838930e-03	3.6556126e-04	1.7679752e-06	1.7710230e-02
2.4000000e+35	3.6396225e-01	4.2997451e-01	1.2146564e+00	2.3371693e-01	3.2561120e-03	7.4249025e-04	7.4275444e-05	1.4746704e-06	3.6364088e-06	6.1225463e-03	3.6193468e-04	1.7504359e-06	1.8659292e-02
3.8037436e+35	3.6298106e-01	4.2924803e-01	1.2369317e+00	2.3203067e-01	3.2392560e-03	7.3695299e-04	7.3908701e-05	1.4636728e-06	3.6184536e-06	6.0598170e-03	3.5822638e-04	1.7325013e-06	1.9656387e-02
6.0285273e+35	3.6200784e-01	4.2852528e-01	1.2604874e+00	2.3032817e-01	3.2224085e-03	7.3136929e-04	7.3541719e-05	1.4525829e-06	3.6004868e-06	5.9956168e-03	3.5443112e-04	1.7141462e-06	2.0706375e-02
9.5545719e+35	3.6104248e-01	4.2780622e-01	1.2854515e+00	2.2860754e-01	3.2055590e-03	7.2573319e-04	7.3174260e-05	1.4413890e-06	3.5824966e-06	5.9298481e-03	3.5054314e-04	1.6953426e-06	2.1814815e-02
1.5142976e+36	3.6008488e-01	4.2709085e-01	1.3119709e+00	2.2686671e-01	3.1886957e-03	7.2003808e-04	7.2806058e-05	1.4300778e-06	3.5644700e-06	5.8624024e-03	3.4655604e-04	1.6760596e-06	2.2988087e-02
2.4000000e+36	3.5913494e-01	4.2637913e-01	1.3402148e+00	2.2510337e-01	3.1718055e-03	7.1427661e-04	7.2436821e-05	1.4186349e-06	3.5463928e-06	5.7931593e-03	3.4246268e-04	1.6562628e-06	2.4233555e-02
3.8037436e+36	3.5819256e-01	4.2567104e-01	1.3703795e+00	2.2331491e-01	3.1548741e-03	7.0844051e-04	7.2066219e-05	1.4070437e-06	3.5282487e-06	5.7219839e-03	3.3825509e-04	1.6359135e-06	2.5559762e-02
6.0285273e+36	3.5725766e-01	4.2496656e-01	1.4026942e+00	2.2149840e-01	3.1378850e-03	7.0252047e-04	7.1693879e-05	1.3952859e-06	3.5100195e-06	5.6487246e-03	3.3392432e-04	1.6149685e-06	2.6976672e-02
9.5545719e+36	3.5633014e-01	4.2426567e-01	1.4374286e+00	2.1965050e-01	3.1208198e-03	6.9650594e-04	7.1319381e-05	1.3833403e-06	3.4916847e-06	5.5732103e-03	3.2946024e-04	1.5933787e-06	2.8495978e-02
1.5142976e+37	3.5540991e-01	4.2356836e-01	1.4749022e+00	2.1776741e-01	3.1036572e-03	6.9038486e-04	7.0942240e-05	1.3711831e-06	3.4732204e-06	5.4952467e-03	3.2485138e-04	1.5710887e-06	3.0131489e-02
2.4000000e+37	3.5449690e-01	4.2287460e-01	1.5154972e+00	2.1584473e-01	3.0863727e-03	6.8414335e-04	7.0561897e-05	1.3587868e-06	3.4545995e-06	5.4146117e-03	3.2008460e-04	1.5480350e-06	3.1899625e-02
3.8037436e+37	3.5359101e-01	4.2218439e-01	1.5596754e+00	2.1387740e-01	3.0689381e-03	6.7776533e-04	7.0177702e-05	1.3461193e-06	3.4357899e-06	5.3310498e-03	3.1514480e-04	1.5241445e-06	3.3820050e-02
6.0285273e+37	3.5269218e-01	4.2149771e-01	1.6080006e+00	2.1185945e-01	3.0513196e-03	6.7123200e-04	6.9788887e-05	1.3331434e-06	3.4167541e-06	5.2442646e-03	3.1001446e-04	1.4993325e-06	3.5916492e-02
9.5545719e+37	3.5180032e-01	4.2081456e-01	1.6611698e+00	2.0978386e-01	3.0334775e-03	6.6452115e-04	6.9394536e-05	1.3198148e-06	3.3974473e-06	5.1539099e-03	3.0467311e-04	1.4734999e-06	3.8217807e-02
1.5142976e+38	3.5091537e-01	4.2013494e-01	1.7200570e+00	2.0764223e-01	3.0153635e-03	6.5760625e-04	6.8993545e-05	1.3060811e-06	3.3778154e-06	5.0595768e-03	2.9909657e-04	1.4465300e-06	4.0759374e-02
2.4000000e+38	3.5003726e-01	4.1945885e-01	1.7857752e+00	2.0542443e-01	2.9969188e-03	6.5045529e-04	6.8584561e-05	1.2918784e-06	3.3577922e-06	4.9607777e-03	2.9325604e-04	1.4182832e-06	4.3584897e-02
3.8037436e+38	3.4916594e-01	4.1878631e-01	1.8597689e+00	2.0311802e-01	2.9780699e-03	6.4302900e-04	6.8165900e-05	1.2771290e-06	3.3372953e-06	4.8569238e-03	2.8711668e-04	1.3885913e-06	4.6748739e-02
6.0285273e+38	3.4830135e-01	4.1811733e-01	1.9439528e+00	2.0070753e-01	2.9587239e-03	6.3527855e-04	6.7735424e-05	1.2617357e-06	3.3162198e-06	4.7472941e-03	2.8063591e-04	1.3572481e-06	5.0318809e-02
9.5545719e+38	3.4744347e-01	4.1745197e-01	2.0409309e+00	1.9817336e-01	2.9387600e-03	6.2714201e-04	6.7290358e-05	1.2455756e-06	3.2944301e-06	4.6309921e-03	2.7376069e-04	1.3239973e-06	5.4379838e-02
1.5142976e+39	3.4659227e-01	4.1679027e-01	2.1543537e+00	1.9549010e-01	2.9180171e-03	6.1853916e-04	6.6827003e-05	1.2284893e-06	3.2717450e-06	4.5068812e-03	2.6642386e-04	1.2885139e-06	5.9036046e-02
2.4000000e+39	3.4574776e-01	4.1613234e-01	2.2895356e+00	1.9262396e-01	2.8962735e-03	6.0936333e-04	6.6340265e-05	1.2102651e-06	3.2479151e-06	4.3734893e-03	2.5853839e-04	1.2503772e-06	6.4409671e-02
3.8037436e+39	3.4490997e-01	4.1547833e-01	2.4545851e+00	1.8952862e-01	2.8732108e-03	5.9946823e-04	6.5822833e-05	1.1906123e-06	3.2225824e-06	4.2288600e-03	2.4998862e-04	1.2090277e-06	7.0623136e-02
6.0285273e+39	3.4407902e-01	4.1482846e-01	2.6626560e+00	1.8613800e-01	2.8483474e-03	5.8864516e-04	6.5263646e-05	1.1691165e-06	3.1952055e-06	4.0703135e-03	2.4061614e-04	1.1636992e-06	7.7721678e-02
9.5545719e+39	3.4325510e-01	4.1418312e-01	2.9369277e+00	1.8235315e-01	2.8209000e-03	5.7658160e-04	6.4644725e-05	1.1451569e-06	3.1649041e-06	3.8940531e-03	2.3019651e-04	1.1133065e-06	8.5366331e-02
1.5142976e+40	3.4243865e-01	4.1354305e-01	3.3234261e+00	1.7801643e-01	2.7894573e-03	5.6277954e-04	6.3933685e-05	1.1177444e-06	3.1300927e-06	3.6945334e-03	2.1840191e-04	1.0562639e-06	9.1497391e-02
