mu	g3	g2	g1	yt	yb	yc	ys	yu	yd	ytau	ymu	ye	lambda
2.4000000e+02	1.1415977e+00	6.4598870e-01	4.6346533e-01	9.1643748e-01	1.5237138e-02	3.4113912e-03	2.9735122e-04	6.7754251e-06	1.4557821e-05	1.0100453e-02	5.9712449e-04	2.8878922e-06	1.1994659e-01
3.8037437e+02	1.1115612e+00	6.4360077e-01	4.6468311e-01	8.9406559e-01	1.4758519e-02	3.3155928e-03	2.8911012e-04	6.5851579e-06	1.4154351e-05	1.0134479e-02	5.9913580e-04	2.8976195e-06	1.1176310e-01
6.0285274e+02	1.0838183e+00	6.4123514e-01	4.6590949e-01	8.7335742e-01	1.4318548e-02	3.2271885e-03	2.8150825e-04	6.4095762e-06	1.3782177e-05	1.0165008e-02	6.0094033e-04	2.9063468e-06	1.0426142e-01
9.5545721e+02	1.0580885e+00	6.3889187e-01	4.6714469e-01	8.5410344e-01	1.3912222e-02	3.1452386e-03	2.7446430e-04	6.2468137e-06	1.3437317e-05	1.0192369e-02	6.0255760e-04	2.9141685e-06	9.7354160e-02
1.5142976e+03	1.0341374e+00	6.3657092e-01	4.6838889e-01	8.3612984e-01	1.3535403e-02	3.0689639e-03	2.6791087e-04	6.0953230e-06	1.3116473e-05	1.0216846e-02	6.0400438e-04	2.9211656e-06	9.0969507e-02
2.4000000e+03	1.0117672e+00	6.3427224e-01	4.6964230e-01	8.1929102e-01	1.3184635e-02	2.9977125e-03	2.6179156e-04	5.9538091e-06	1.2816882e-05	1.0238686e-02	6.0529523e-04	2.9274086e-06	8.5047772e-02
3.8037437e+03	9.9080996e-01	6.3199570e-01	4.7090510e-01	8.0346392e-01	1.2857008e-02	2.9309337e-03	2.5605874e-04	5.8211782e-06	1.2536213e-05	1.0258102e-02	6.0644283e-04	2.9329587e-06	7.9538861e-02
6.0285274e+03	9.7112167e-01	6.2974115e-01	4.7217747e-01	7.8854370e-01	1.2550048e-02	2.8681586e-03	2.5067185e-04	5.6964993e-06	1.2272481e-05	1.0275285e-02	6.0745835e-04	2.9378701e-06	7.4400349e-02
9.5545721e+03	9.5257825e-01	6.2750843e-01	4.7345959e-01	7.7444038e-01	1.2261640e-02	2.8089853e-03	2.4559614e-04	5.5789741e-06	1.2023983e-05	1.0290400e-02	6.0835167e-04	2.9421905e-06	6.9596010e-02
1.5142976e+04	9.3507204e-01	6.2529735e-01	4.7475164e-01	7.6107624e-01	1.1989960e-02	2.7530670e-03	2.4080161e-04	5.4679134e-06	1.1789250e-05	1.0303597e-02	6.0913154e-04	2.9459622e-06	6.5094672e-02
2.4000000e+04	9.1850910e-01	6.2310768e-01	4.7605378e-01	7.4838373e-01	1.1733430e-02	2.7001021e-03	2.3626219e-04	5.3627188e-06	1.1567008e-05	1.0315007e-02	6.0980581e-04	2.9492232e-06	6.0869329e-02
3.8037437e+04	9.0280707e-01	6.2093920e-01	4.7736620e-01	7.3630379e-01	1.1490672e-02	2.6498277e-03	2.3195514e-04	5.2628677e-06	1.1356143e-05	1.0324750e-02	6.1038151e-04	2.9520075e-06	5.6896427e-02
6.0285274e+04	8.8789334e-01	6.1879170e-01	4.7868906e-01	7.2478454e-01	1.1260478e-02	2.6020126e-03	2.2786048e-04	5.1679013e-06	1.1155675e-05	1.0332932e-02	6.1086497e-04	2.9543457e-06	5.3155302e-02
9.5545721e+04	8.7370364e-01	6.1666491e-01	4.8002254e-01	7.1378017e-01	1.1041786e-02	2.5564532e-03	2.2396060e-04	5.0774148e-06	1.0964744e-05	1.0339652e-02	6.1126192e-04	2.9562654e-06	4.9627727e-02
1.5142976e+05	8.6018085e-01	6.1455860e-01	4.8136680e-01	7.0325006e-01	1.0833655e-02	2.5129688e-03	2.2023989e-04	4.9910495e-06	1.0782584e-05	1.0344996e-02	6.1157756e-04	2.9577920e-06	4.6297534e-02
2.4000000e+05	8.4727397e-01	6.1247251e-01	4.8272203e-01	6.9315805e-01	1.0635250e-02	2.4713987e-03	2.1668446e-04	4.9084864e-06	1.0608517e-05	1.0349044e-02	6.1181663e-04	2.9589482e-06	4.3150320e-02
3.8037437e+05	8.3493734e-01	6.1040639e-01	4.8408840e-01	6.8347179e-01	1.0445827e-02	2.4315996e-03	2.1328191e-04	4.8294405e-06	1.0441934e-05	1.0351871e-02	6.1198345e-04	2.9597550e-06	4.0173189e-02
6.0285274e+05	8.2312992e-01	6.0835998e-01	4.8546608e-01	6.7416226e-01	1.0264718e-02	2.3934426e-03	2.1002113e-04	4.7536563e-06	1.0282291e-05	1.0353542e-02	6.1208197e-04	2.9602315e-06	3.7354548e-02
9.5545721e+05	8.1181470e-01	6.0633304e-01	4.8685526e-01	6.6520335e-01	1.0091324e-02	2.3568121e-03	2.0689211e-04	4.6809037e-06	1.0129100e-05	1.0354120e-02	6.1211585e-04	2.9603953e-06	3.4683937e-02
1.5142976e+06	8.0095821e-01	6.0432529e-01	4.8825611e-01	6.5657146e-01	9.9251063e-03	2.3216037e-03	2.0388582e-04	4.6109755e-06	9.9819171e-06	1.0353661e-02	6.1208842e-04	2.9602626e-06	3.2151876e-02
2.4000000e+06	7.9053010e-01	6.0233649e-01	4.8966882e-01	6.4824521e-01	9.7655758e-03	2.2877227e-03	2.0099410e-04	4.5436837e-06	9.8403436e-06	1.0352217e-02	6.1200278e-04	2.9598484e-06	2.9749751e-02
3.8037437e+06	7.8050276e-01	6.0036638e-01	4.9109358e-01	6.4020518e-01	9.6122904e-03	2.2550833e-03	1.9820954e-04	4.4788580e-06	9.7040160e-06	1.0349837e-02	6.1186177e-04	2.9591665e-06	2.7469701e-02
6.0285274e+06	7.7085103e-01	5.9841471e-01	4.9253057e-01	6.3243369e-01	9.4648481e-03	2.2236074e-03	1.9552538e-04	4.4163431e-06	9.5726042e-06	1.0346565e-02	6.1166806e-04	2.9582296e-06	2.5304537e-02
9.5545721e+06	7.6155190e-01	5.9648122e-01	4.9397998e-01	6.2491458e-01	9.3228823e-03	2.1932236e-03	1.9293547e-04	4.3559974e-06	9.4458065e-06	1.0342443e-02	6.1142410e-04	2.9570497e-06	2.3247661e-02
1.5142976e+07	7.5258431e-01	5.9456567e-01	4.9544201e-01	6.1763305e-01	9.1860582e-03	2.1638669e-03	1.9043417e-04	4.2976913e-06	9.3233471e-06	1.0337510e-02	6.1113216e-04	2.9556378e-06	2.1293002e-02
2.4000000e+07	7.4392892e-01	5.9266782e-01	4.9691685e-01	6.1057552e-01	9.0540691e-03	2.1354772e-03	1.8801632e-04	4.2413061e-06	9.2049733e-06	1.0331801e-02	6.1079438e-04	2.9540042e-06	1.9434959e-02
3.8037437e+07	7.3556793e-01	5.9078740e-01	4.9840471e-01	6.0372953e-01	8.9266336e-03	2.1079998e-03	1.8567717e-04	4.1867326e-06	9.0904526e-06	1.0325350e-02	6.1041275e-04	2.9521585e-06	1.7668354e-02
6.0285274e+07	7.2748494e-01	5.8892420e-01	4.9990579e-01	5.9708355e-01	8.8034929e-03	2.0813839e-03	1.8341236e-04	4.1338703e-06	8.9795712e-06	1.0318189e-02	6.0998911e-04	2.9501096e-06	1.5988386e-02
9.5545721e+07	7.1966481e-01	5.8707796e-01	5.0142030e-01	5.9062697e-01	8.6844085e-03	2.0555829e-03	1.8121785e-04	4.0826263e-06	8.8721318e-06	1.0310347e-02	6.0952520e-04	2.9478660e-06	1.4390597e-02
1.5142976e+08	7.1209353e-01	5.8524845e-01	5.0294845e-01	5.8434997e-01	8.5691600e-03	2.0305535e-03	1.7908991e-04	4.0329151e-06	8.7679518e-06	1.0301851e-02	6.0902265e-04	2.9454355e-06	1.2870835e-02
2.4000000e+08	7.0475811e-01	5.8343545e-01	5.0449045e-01	5.7824343e-01	8.4575439e-03	2.0062559e-03	1.7702511e-04	3.9846571e-06	8.6668625e-06	1.0292727e-02	6.0848298e-04	2.9428255e-06	1.1425232e-02
3.8037437e+08	6.9764651e-01	5.8163872e-01	5.0604654e-01	5.7229889e-01	8.3493714e-03	1.9826529e-03	1.7502023e-04	3.9377787e-06	8.5687071e-06	1.0282999e-02	6.0790762e-04	2.9400428e-06	1.0050170e-02
6.0285274e+08	6.9074752e-01	5.7985803e-01	5.0761692e-01	5.6650850e-01	8.2444672e-03	1.9597100e-03	1.7307231e-04	3.8922115e-06	8.4733400e-06	1.0272691e-02	6.0729792e-04	2.9370941e-06	8.7422655e-03
9.5545721e+08	6.8405070e-01	5.7809317e-01	5.0920184e-01	5.6086494e-01	8.1426684e-03	1.9373953e-03	1.7117857e-04	3.8478917e-06	8.3806258e-06	1.0261823e-02	6.0665514e-04	2.9339854e-06	7.4983473e-03
1.5142976e+09	6.7754633e-01	5.7634392e-01	5.1080152e-01	5.5536136e-01	8.0438235e-03	1.9156787e-03	1.6933644e-04	3.8047600e-06	8.2904382e-06	1.0250415e-02	6.0598047e-04	2.9307225e-06	6.3154374e-03
2.4000000e+09	6.7122533e-01	5.7461006e-01	5.1241620e-01	5.4999138e-01	7.9477910e-03	1.8945324e-03	1.6754351e-04	3.7627609e-06	8.2026593e-06	1.0238487e-02	6.0527504e-04	2.9273108e-06	5.1907365e-03
3.8037436e+09	6.6507921e-01	5.7289138e-01	5.1404612e-01	5.4474905e-01	7.8544390e-03	1.8739302e-03	1.6579753e-04	3.7218426e-06	8.1171790e-06	1.0226057e-02	6.0453991e-04	2.9237554e-06	4.1216095e-03
6.0285274e+09	6.5910002e-01	5.7118768e-01	5.1569155e-01	5.3962875e-01	7.7636439e-03	1.8538478e-03	1.6409639e-04	3.6819565e-06	8.0338943e-06	1.0213141e-02	6.0377607e-04	2.9200613e-06	3.1055724e-03
9.5545721e+09	6.5328030e-01	5.6949874e-01	5.1735272e-01	5.3462525e-01	7.6752902e-03	1.8342623e-03	1.6243813e-04	3.6430573e-06	7.9527084e-06	1.0199755e-02	6.0298449e-04	2.9162329e-06	2.1402816e-03
1.5142976e+10	6.4761306e-01	5.6782437e-01	5.1902990e-01	5.2973361e-01	7.5892696e-03	1.8151521e-03	1.6082088e-04	3.6051023e-06	7.8735308e-06	1.0185916e-02	6.0216604e-04	2.9122746e-06	1.2235225e-03
2.4000000e+10	6.4209174e-01	5.6616436e-01	5.2072335e-01	5.2494922e-01	7.5054803e-03	1.7964971e-03	1.5924291e-04	3.5680513e-06	7.7962763e-06	1.0171636e-02	6.0132157e-04	2.9081905e-06	3.5320101e-04
3.8037436e+10	6.3671015e-01	5.6451853e-01	5.2243335e-01	5.2026769e-01	7.4238269e-03	1.7782784e-03	1.5770259e-04	3.5318666e-06	7.7208647e-06	1.0156929e-02	6.0045189e-04	2.9039844e-06	-4.7266548e-04
6.0285274e+10	6.3146248e-01	5.6288668e-01	5.2416016e-01	5.1568493e-01	7.3442194e-03	1.7604779e-03	1.5619837e-04	3.4965128e-06	7.6472207e-06	1.0141809e-02	5.9955776e-04	2.8996601e-06	-1.2559556e-03
9.5545721e+10	6.2634324e-01	5.6126862e-01	5.2590409e-01	5.1119706e-01	7.2665733e-03	1.7430789e-03	1.5472881e-04	3.4619563e-06	7.5752732e-06	1.0126288e-02	5.9863988e-04	2.8952209e-06	-1.9984509e-03
1.5142976e+11	6.2134726e-01	5.5966417e-01	5.2766540e-01	5.0680041e-01	7.1908087e-03	1.7260655e-03	1.5329252e-04	3.4281656e-06	7.5049550e-06	1.0110376e-02	5.9769896e-04	2.8906703e-06	-2.7018427e-03
2.4000000e+11	6.1646966e-01	5.5807315e-01	5.2944441e-01	5.0249151e-01	7.1168503e-03	1.7094225e-03	1.5188822e-04	3.3951108e-06	7.4362030e-06	1.0094085e-02	5.9673562e-04	2.8860113e-06	-3.3677374e-03
3.8037436e+11	6.1170581e-01	5.5649537e-01	5.3124141e-01	4.9826710e-01	7.0446272e-03	1.6931359e-03	1.5051469e-04	3.3627637e-06	7.3689570e-06	1.0077426e-02	5.9575049e-04	2.8812469e-06	-3.9976622e-03
6.0285274e+11	6.0705135e-01	5.5493066e-01	5.3305672e-01	4.9412407e-01	6.9740719e-03	1.6771922e-03	1.4917076e-04	3.3310975e-06	7.3031606e-06	1.0060407e-02	5.9474415e-04	2.8763799e-06	-4.5930700e-03
9.5545721e+11	6.0250214e-01	5.5337885e-01	5.3489065e-01	4.9005948e-01	6.9051209e-03	1.6615786e-03	1.4785534e-04	3.3000870e-06	7.2387599e-06	1.0043040e-02	5.9371715e-04	2.8714129e-06	-5.1553437e-03
1.5142976e+12	5.9805426e-01	5.5183976e-01	5.3674352e-01	4.8607053e-01	6.8377140e-03	1.6462830e-03	1.4656739e-04	3.2697082e-06	7.1757041e-06	1.0025331e-02	5.9267001e-04	2.8663486e-06	-5.6858006e-03
2.4000000e+12	5.9370399e-01	5.5031323e-01	5.3861568e-01	4.8215457e-01	6.7717940e-03	1.6312939e-03	1.4530593e-04	3.2399382e-06	7.1139449e-06	1.0007291e-02	5.9160324e-04	2.8611894e-06	-6.1856962e-03
3.8037436e+12	5.8944780e-01	5.4879909e-01	5.4050746e-01	4.7830908e-01	6.7073066e-03	1.6166006e-03	1.4407001e-04	3.2107554e-06	7.0534364e-06	9.9889257e-03	5.9051730e-04	2.8559374e-06	-6.6562275e-03
6.0285274e+12	5.8528234e-01	5.4729719e-01	5.4241920e-01	4.7453166e-01	6.6442005e-03	1.6021925e-03	1.4285875e-04	3.1821393e-06	6.9941351e-06	9.9702443e-03	5.8941265e-04	2.8505949e-06	-7.0985368e-03
9.5545720e+12	5.8120442e-01	5.4580736e-01	5.4435128e-01	4.7082003e-01	6.5824268e-03	1.5880599e-03	1.4167130e-04	3.1540703e-06	6.9359995e-06	9.9512536e-03	5.8828972e-04	2.8451640e-06	-7.5137141e-03
1.5142976e+13	5.7721101e-01	5.4432945e-01	5.4630405e-01	4.6717200e-01	6.5219389e-03	1.5741934e-03	1.4050685e-04	3.1265298e-06	6.8789901e-06	9.9319603e-03	5.8714890e-04	2.8396467e-06	-7.9028005e-03
2.4000000e+13	5.7329921e-01	5.4286330e-01	5.4827790e-01	4.6358551e-01	6.4626925e-03	1.5605841e-03	1.3936464e-04	3.0995000e-06	6.8230694e-06	9.9123711e-03	5.8599059e-04	2.8340447e-06	-8.2667906e-03
3.8037436e+13	5.6946628e-01	5.4140876e-01	5.5027320e-01	4.6005858e-01	6.4046456e-03	1.5472233e-03	1.3824394e-04	3.0729640e-06	6.7682015e-06	9.8924921e-03	5.8481514e-04	2.8283598e-06	-8.6066347e-03
6.0285274e+13	5.6570959e-01	5.3996569e-01	5.5229036e-01	4.5658931e-01	6.3477578e-03	1.5341031e-03	1.3714404e-04	3.0469057e-06	6.7143523e-06	9.8723292e-03	5.8362292e-04	2.8225938e-06	-8.9232415e-03
9.5545720e+13	5.6202665e-01	5.3853394e-01	5.5432977e-01	4.5317589e-01	6.2919910e-03	1.5212156e-03	1.3606428e-04	3.0213096e-06	6.6614891e-06	9.8518879e-03	5.8241424e-04	2.8167483e-06	-9.2174801e-03
1.5142976e+14	5.5841506e-01	5.3711336e-01	5.5639186e-01	4.4981659e-01	6.2373086e-03	1.5085534e-03	1.3500402e-04	2.9961610e-06	6.6095808e-06	9.8311735e-03	5.8118942e-04	2.8108246e-06	-9.4901817e-03
2.4000000e+14	5.5487255e-01	5.3570381e-01	5.5847705e-01	4.4650977e-01	6.1836755e-03	1.4961094e-03	1.3396267e-04	2.9714458e-06	6.5585976e-06	9.8101911e-03	5.7994876e-04	2.8048244e-06	-9.7421419e-03
3.8037436e+14	5.5139693e-01	5.3430515e-01	5.6058578e-01	4.4325384e-01	6.1310586e-03	1.4838769e-03	1.3293962e-04	2.9471505e-06	6.5085110e-06	9.7889455e-03	5.7869253e-04	2.7987489e-06	-9.9741222e-03
6.0285274e+14	5.4798612e-01	5.3291726e-01	5.6271850e-01	4.4004728e-01	6.0794258e-03	1.4718492e-03	1.3193433e-04	2.9232622e-06	6.4592938e-06	9.7674410e-03	5.7742101e-04	2.7925993e-06	-1.0186852e-02
9.5545720e+14	5.4463812e-01	5.3153999e-01	5.6487567e-01	4.3688863e-01	6.0287466e-03	1.4600203e-03	1.3094627e-04	2.8997686e-06	6.4109198e-06	9.7456820e-03	5.7613444e-04	2.7863771e-06	-1.0381028e-02
1.5142976e+15	5.4135102e-01	5.3017321e-01	5.6705777e-01	4.3377650e-01	5.9789919e-03	1.4483842e-03	1.2997492e-04	2.8766579e-06	6.3633641e-06	9.7236724e-03	5.7483307e-04	2.7800832e-06	-1.0557320e-02
2.4000000e+15	5.3812300e-01	5.2881679e-01	5.6926528e-01	4.3070955e-01	5.9301336e-03	1.4369351e-03	1.2901979e-04	2.8539186e-06	6.3166027e-06	9.7014162e-03	5.7351711e-04	2.7737188e-06	-1.0716369e-02
3.8037436e+15	5.3495230e-01	5.2747060e-01	5.7149870e-01	4.2768649e-01	5.8821449e-03	1.4256675e-03	1.2808042e-04	2.8315398e-06	6.2706125e-06	9.6789168e-03	5.7218678e-04	2.7672849e-06	-1.0858787e-02
6.0285274e+15	5.3183724e-01	5.2613453e-01	5.7375855e-01	4.2470609e-01	5.8350001e-03	1.4145762e-03	1.2715635e-04	2.8095112e-06	6.2253716e-06	9.6561777e-03	5.7084228e-04	2.7607824e-06	-1.0985164e-02
9.5545720e+15	5.2877621e-01	5.2480844e-01	5.7604535e-01	4.2176714e-01	5.7886745e-03	1.4036560e-03	1.2624715e-04	2.7878225e-06	6.1808588e-06	9.6332019e-03	5.6948379e-04	2.7542123e-06	-1.1096062e-02
1.5142976e+16	5.2576766e-01	5.2349221e-01	5.7835965e-01	4.1886852e-01	5.7431446e-03	1.3929023e-03	1.2535241e-04	2.7664642e-06	6.1370536e-06	9.6099927e-03	5.6811150e-04	2.7475755e-06	-1.1192022e-02
2.4000000e+16	5.2281011e-01	5.2218573e-01	5.8070201e-01	4.1600912e-01	5.6983874e-03	1.3823101e-03	1.2447172e-04	2.7454270e-06	6.0939365e-06	9.5865526e-03	5.6672557e-04	2.7408726e-06	-1.1273561e-02
3.8037436e+16	5.1990212e-01	5.2088888e-01	5.8307300e-01	4.1318787e-01	5.6543811e-03	1.3718752e-03	1.2360470e-04	2.7247019e-06	6.0514888e-06	9.5628843e-03	5.6532615e-04	2.7341046e-06	-1.1341175e-02
6.0285274e+16	5.1704232e-01	5.1960153e-01	5.8547321e-01	4.1040376e-01	5.6111049e-03	1.3615930e-03	1.2275098e-04	2.7042803e-06	6.0096922e-06	9.5389903e-03	5.6391339e-04	2.7272720e-06	-1.1395340e-02
9.5545720e+16	5.1422940e-01	5.1832359e-01	5.8790325e-01	4.0765580e-01	5.5685384e-03	1.3514595e-03	1.2191021e-04	2.6841540e-06	5.9685294e-06	9.5148728e-03	5.6248742e-04	2.7203755e-06	-1.1436512e-02
1.5142976e+17	5.1146208e-01	5.1705493e-01	5.9036375e-01	4.0494303e-01	5.5266622e-03	1.3414705e-03	1.2108204e-04	2.6643148e-06	5.9279836e-06	9.4905339e-03	5.6104836e-04	2.7134158e-06	-1.1465127e-02
2.4000000e+17	5.0873915e-01	5.1579545e-01	5.9285536e-01	4.0226453e-01	5.4854576e-03	1.3316223e-03	1.2026614e-04	2.6447551e-06	5.8880387e-06	9.4659756e-03	5.5959634e-04	2.7063933e-06	-1.1481604e-02
3.8037436e+17	5.0605942e-01	5.1454503e-01	5.9537872e-01	3.9961943e-01	5.4449066e-03	1.3219111e-03	1.1946220e-04	2.6254675e-06	5.8486790e-06	9.4411997e-03	5.5813145e-04	2.6993086e-06	-1.1486345e-02
6.0285274e+17	5.0342176e-01	5.1330358e-01	5.9793454e-01	3.9700686e-01	5.4049919e-03	1.3123333e-03	1.1866991e-04	2.6064448e-06	5.8098895e-06	9.4162077e-03	5.5665379e-04	2.6921621e-06	-1.1479733e-02
9.5545720e+17	5.0082508e-01	5.1207098e-01	6.0052351e-01	3.9442600e-01	5.3656966e-03	1.3028853e-03	1.1788896e-04	2.5876801e-06	5.7716557e-06	9.3910011e-03	5.5516345e-04	2.6849543e-06	-1.1462136e-02
1.5142976e+18	4.9826833e-01	5.1084714e-01	6.0314636e-01	3.9187604e-01	5.3270047e-03	1.2935639e-03	1.1711908e-04	2.5691666e-06	5.7339636e-06	9.3655813e-03	5.5366050e-04	2.6776856e-06	-1.1433908e-02
2.4000000e+18	4.9575050e-01	5.0963194e-01	6.0580383e-01	3.8935621e-01	5.2889006e-03	1.2843657e-03	1.1635999e-04	2.5508979e-06	5.6967998e-06	9.3399494e-03	5.5214502e-04	2.6703562e-06	-1.1395386e-02
3.8037436e+18	4.9327060e-01	5.0842530e-01	6.0849671e-01	3.8686576e-01	5.2513693e-03	1.2752876e-03	1.1561142e-04	2.5328678e-06	5.6601511e-06	9.3141066e-03	5.5061707e-04	2.6629665e-06	-1.1346894e-02
6.0285274e+18	4.9082769e-01	5.0722711e-01	6.1122578e-01	3.8440395e-01	5.2143962e-03	1.2663266e-03	1.1487312e-04	2.5150702e-06	5.6240049e-06	9.2880535e-03	5.4907670e-04	2.6555168e-06	-1.1288739e-02
9.5545720e+18	4.8842085e-01	5.0603728e-01	6.1399186e-01	3.8197010e-01	5.1779674e-03	1.2574797e-03	1.1414483e-04	2.4974992e-06	5.5883491e-06	9.2617912e-03	5.4752395e-04	2.6480072e-06	-1.1221220e-02
1.5142976e+19	4.8604921e-01	5.0485571e-01	6.1679581e-01	3.7956350e-01	5.1420693e-03	1.2487440e-03	1.1342631e-04	2.4801491e-06	5.5531718e-06	9.2353200e-03	5.4595886e-04	2.6404379e-06	-1.1144617e-02
2.4000000e+19	4.8371191e-01	5.0368231e-01	6.1963850e-01	3.7718351e-01	5.1066888e-03	1.2401168e-03	1.1271734e-04	2.4630145e-06	5.5184616e-06	9.2086406e-03	5.4438147e-04	2.6328091e-06	-1.1059203e-02
3.8037436e+19	4.8140814e-01	5.0251698e-01	6.2252083e-01	3.7482948e-01	5.0718133e-03	1.2315955e-03	1.1201768e-04	2.4460901e-06	5.4842076e-06	9.1817534e-03	5.4279179e-04	2.6251209e-06	-1.0965234e-02
6.0285274e+19	4.7913709e-01	5.0135964e-01	6.2544373e-01	3.7250078e-01	5.0374306e-03	1.2231773e-03	1.1132712e-04	2.4293706e-06	5.4503989e-06	9.1546584e-03	5.4118983e-04	2.6173733e-06	-1.0862959e-02
9.5545720e+19	4.7689800e-01	5.0021019e-01	6.2840817e-01	3.7019680e-01	5.0035287e-03	1.2148598e-03	1.1064545e-04	2.4128511e-06	5.4170253e-06	9.1273558e-03	5.3957560e-04	2.6095663e-06	-1.0752611e-02
1.5142976e+20	4.7469012e-01	4.9906855e-01	6.3141515e-01	3.6791696e-01	4.9700963e-03	1.2066406e-03	1.0997246e-04	2.3965268e-06	5.3840767e-06	9.0998456e-03	5.3794910e-04	2.6017000e-06	-1.0634416e-02
2.4000000e+20	4.7251274e-01	4.9793463e-01	6.3446569e-01	3.6566069e-01	4.9371221e-03	1.1985172e-03	1.0930795e-04	2.3803928e-06	5.3515433e-06	9.0721275e-03	5.3631032e-04	2.5937743e-06	-1.0508587e-02
3.8037436e+20	4.7036515e-01	4.9680834e-01	6.3756086e-01	3.6342743e-01	4.9045955e-03	1.1904874e-03	1.0865172e-04	2.3644446e-06	5.3194158e-06	9.0442014e-03	5.3465924e-04	2.5857891e-06	-1.0375326e-02
6.0285274e+20	4.6824669e-01	4.9568961e-01	6.4070176e-01	3.6121663e-01	4.8725061e-03	1.1825489e-03	1.0800361e-04	2.3486778e-06	5.2876849e-06	9.0160667e-03	5.3299583e-04	2.5777443e-06	-1.0234828e-02
9.5545720e+20	4.6615670e-01	4.9457834e-01	6.4388953e-01	3.5902776e-01	4.8408437e-03	1.1746995e-03	1.0736341e-04	2.3330881e-06	5.2563419e-06	8.9877229e-03	5.3132006e-04	2.5696398e-06	-1.0087275e-02
1.5142976e+21	4.6409454e-01	4.9347445e-01	6.4712535e-01	3.5686031e-01	4.8095985e-03	1.1669372e-03	1.0673095e-04	2.3176711e-06	5.2253780e-06	8.9591694e-03	5.2963189e-04	2.5614752e-06	-9.9328416e-03
2.4000000e+21	4.6205960e-01	4.9237787e-01	6.5041045e-01	3.5471379e-01	4.7787610e-03	1.1592597e-03	1.0610607e-04	2.3024229e-06	5.1947848e-06	8.9304052e-03	5.2793128e-04	2.5532505e-06	-9.7716917e-03
3.8037436e+21	4.6005129e-01	4.9128852e-01	6.5374610e-01	3.5258769e-01	4.7483220e-03	1.1516653e-03	1.0548860e-04	2.2873394e-06	5.1645544e-06	8.9014294e-03	5.2621816e-04	2.5449653e-06	-9.6039807e-03
6.0285274e+21	4.5806903e-01	4.9020631e-01	6.5713359e-01	3.5048154e-01	4.7182725e-03	1.1441518e-03	1.0487837e-04	2.2724167e-06	5.1346786e-06	8.8722409e-03	5.2449246e-04	2.5366192e-06	-9.4298552e-03
9.5545720e+21	4.5611227e-01	4.8913118e-01	6.6057430e-01	3.4839488e-01	4.6886039e-03	1.1367174e-03	1.0427523e-04	2.2576511e-06	5.1051500e-06	8.8428386e-03	5.2275413e-04	2.5282121e-06	-9.2494527e-03
1.5142976e+22	4.5418045e-01	4.8806304e-01	6.6406964e-01	3.4632725e-01	4.6593076e-03	1.1293602e-03	1.0367903e-04	2.2430388e-06	5.0759609e-06	8.8132211e-03	5.2100308e-04	2.5197434e-06	-9.0629025e-03
2.4000000e+22	4.5227305e-01	4.8700182e-01	6.6762107e-01	3.4427820e-01	4.6303755e-03	1.1220784e-03	1.0308962e-04	2.2285763e-06	5.0471041e-06	8.7833868e-03	5.1923922e-04	2.5112128e-06	-8.8703254e-03
3.8037436e+22	4.5038957e-01	4.8594745e-01	6.7123011e-01	3.4224730e-01	4.6017996e-03	1.1148702e-03	1.0250684e-04	2.2142601e-06	5.0185725e-06	8.7533342e-03	5.1746245e-04	2.5026197e-06	-8.6718336e-03
6.0285274e+22	4.4852950e-01	4.8489986e-01	6.7489834e-01	3.4023411e-01	4.5735721e-03	1.1077339e-03	1.0193057e-04	2.2000866e-06	4.9903592e-06	8.7230614e-03	5.1567266e-04	2.4939637e-06	-8.4675318e-03
9.5545720e+22	4.4669237e-01	4.8385897e-01	6.7862740e-01	3.3823824e-01	4.5456854e-03	1.1006679e-03	1.0136067e-04	2.1860526e-06	4.9624576e-06	8.6925665e-03	5.1386976e-04	2.4852443e-06	-8.2575160e-03
1.5142976e+23	4.4487770e-01	4.8282471e-01	6.8241899e-01	3.3625925e-01	4.5181322e-03	1.0936704e-03	1.0079699e-04	2.1721548e-06	4.9348610e-06	8.6618476e-03	5.1205361e-04	2.4764608e-06	-8.0418747e-03
2.4000000e+23	4.4308504e-01	4.8179701e-01	6.8627488e-01	3.3429676e-01	4.4909054e-03	1.0867398e-03	1.0023942e-04	2.1583899e-06	4.9075631e-06	8.6309023e-03	5.1022408e-04	2.4676126e-06	-7.8206883e-03
3.8037436e+23	4.4131395e-01	4.8077581e-01	6.9019692e-01	3.3235037e-01	4.4639979e-03	1.0798746e-03	9.9687820e-05	2.1447548e-06	4.8805577e-06	8.5997283e-03	5.0838103e-04	2.4586990e-06	-7.5940295e-03
6.0285274e+23	4.3956400e-01	4.7976104e-01	6.9418703e-01	3.3041969e-01	4.4374030e-03	1.0730733e-03	9.9142070e-05	2.1312465e-06	4.8538386e-06	8.5683231e-03	5.0652432e-04	2.4497193e-06	-7.3619632e-03
9.5545720e+23	4.3783478e-01	4.7875263e-01	6.9824719e-01	3.2850434e-01	4.4111141e-03	1.0663342e-03	9.8602049e-05	2.1178619e-06	4.8274001e-06	8.5366840e-03	5.0465378e-04	2.4406728e-06	-7.1245464e-03
1.5142976e+24	4.3612586e-01	4.7775052e-01	7.0237949e-01	3.2660396e-01	4.3851247e-03	1.0596559e-03	9.8067639e-05	2.1045981e-06	4.8012362e-06	8.5048082e-03	5.0276925e-04	2.4315585e-06	-6.8818285e-03
2.4000000e+24	4.3443687e-01	4.7675464e-01	7.0658610e-01	3.2471816e-01	4.3594285e-03	1.0530370e-03	9.7538724e-05	2.0914521e-06	4.7753414e-06	8.4726926e-03	5.0087055e-04	2.4223758e-06	-6.6338510e-03
3.8037436e+24	4.3276741e-01	4.7576493e-01	7.1086926e-01	3.2284660e-01	4.3340193e-03	1.0464760e-03	9.7015192e-05	2.0784212e-06	4.7497102e-06	8.4403341e-03	4.9895749e-04	2.4131236e-06	-6.3806478e-03
6.0285274e+24	4.3111712e-01	4.7478132e-01	7.1523135e-01	3.2098891e-01	4.3088913e-03	1.0399715e-03	9.6496932e-05	2.0655025e-06	4.7243370e-06	8.4077292e-03	4.9702987e-04	2.4038010e-06	-6.1222446e-03
9.5545720e+24	4.2948562e-01	4.7380376e-01	7.1967481e-01	3.1914475e-01	4.2840385e-03	1.0335221e-03	9.5983838e-05	2.0526932e-06	4.6992167e-06	8.3748745e-03	4.9508748e-04	2.3944069e-06	-5.8586596e-03
1.5142976e+25	4.2787257e-01	4.7283218e-01	7.2420221e-01	3.1731376e-01	4.2594551e-03	1.0271265e-03	9.5475802e-05	2.0399908e-06	4.6743441e-06	8.3417662e-03	4.9313010e-04	2.3849404e-06	-5.5899025e-03
2.4000000e+25	4.2627761e-01	4.7186653e-01	7.2881624e-01	3.1549561e-01	4.2351357e-03	1.0207832e-03	9.4972723e-05	2.0273924e-06	4.6497142e-06	8.3084003e-03	4.9115750e-04	2.3754003e-06	-5.3159752e-03
3.8037436e+25	4.2470041e-01	4.7090674e-01	7.3351971e-01	3.1368995e-01	4.2110747e-03	1.0144911e-03	9.4474499e-05	2.0148956e-06	4.6253220e-06	8.2747727e-03	4.8916943e-04	2.3657853e-06	-5.0368713e-03
6.0285274e+25	4.2314065e-01	4.6995275e-01	7.3831553e-01	3.1189646e-01	4.1872669e-03	1.0082488e-03	9.3981031e-05	2.0024976e-06	4.6011626e-06	8.2408790e-03	4.8716563e-04	2.3560943e-06	-4.7525758e-03
9.5545720e+25	4.2159801e-01	4.6900452e-01	7.4320678e-01	3.1011479e-01	4.1637069e-03	1.0020550e-03	9.3492222e-05	1.9901960e-06	4.5772313e-06	8.2067147e-03	4.8514584e-04	2.3463259e-06	-4.4630651e-03
1.5142976e+26	4.2007217e-01	4.6806197e-01	7.4819668e-01	3.0834462e-01	4.1403896e-03	9.9590840e-04	9.3007976e-05	1.9779881e-06	4.5535234e-06	8.1722750e-03	4.8310977e-04	2.3364787e-06	-4.1683069e-03
2.4000000e+26	4.1856283e-01	4.6712506e-01	7.5328858e-01	3.0658562e-01	4.1173101e-03	9.8980779e-04	9.2528200e-05	1.9658716e-06	4.5300343e-06	8.1375548e-03	4.8105711e-04	2.3265514e-06	-3.8682595e-03
3.8037436e+26	4.1706969e-01	4.6619373e-01	7.5848603e-01	3.0483747e-01	4.0944634e-03	9.8375191e-04	9.2052803e-05	1.9538439e-06	4.5067597e-06	8.1025487e-03	4.7898757e-04	2.3165424e-06	-3.5628721e-03
6.0285274e+26	4.1559247e-01	4.6526793e-01	7.6379273e-01	3.0309985e-01	4.0718447e-03	9.7773952e-04	9.1581693e-05	1.9419026e-06	4.4836949e-06	8.0672514e-03	4.7690080e-04	2.3064501e-06	-3.2520839e-03
9.5545720e+26	4.1413089e-01	4.6434760e-01	7.6921256e-01	3.0137243e-01	4.0494492e-03	9.7176941e-04	9.1114783e-05	1.9300453e-06	4.4608357e-06	8.0316568e-03	4.7479647e-04	2.2962729e-06	-2.9358243e-03
1.5142976e+27	4.1268468e-01	4.6343269e-01	7.7474961e-01	2.9965489e-01	4.0272724e-03	9.6584035e-04	9.0651984e-05	1.9182695e-06	4.4381778e-06	7.9957590e-03	4.7267421e-04	2.2860089e-06	-2.6140121e-03
2.4000000e+27	4.1125356e-01	4.6252315e-01	7.8040818e-01	2.9794691e-01	4.0053095e-03	9.5995114e-04	9.0193211e-05	1.9065728e-06	4.4157170e-06	7.9595514e-03	4.7053365e-04	2.2756565e-06	-2.2865551e-03
3.8037436e+27	4.0983727e-01	4.6161892e-01	7.8619278e-01	2.9624818e-01	3.9835563e-03	9.5410057e-04	8.9738379e-05	1.8949529e-06	4.3934492e-06	7.9230274e-03	4.6837438e-04	2.2652135e-06	-1.9533499e-03
6.0285274e+27	4.0843556e-01	4.6071995e-01	7.9210818e-01	2.9455836e-01	3.9620081e-03	9.4828746e-04	8.9287404e-05	1.8834074e-06	4.3713702e-06	7.8861800e-03	4.6619599e-04	2.2546781e-06	-1.6142809e-03
9.5545720e+27	4.0704819e-01	4.5982620e-01	7.9815939e-01	2.9287715e-01	3.9406607e-03	9.4251060e-04	8.8840203e-05	1.8719339e-06	4.3494760e-06	7.8490017e-03	4.6399805e-04	2.2440481e-06	-1.2692202e-03
1.5142976e+28	4.0567490e-01	4.5893762e-01	8.0435169e-01	2.9120422e-01	3.9195099e-03	9.3676880e-04	8.8396696e-05	1.8605300e-06	4.3277626e-06	7.8114847e-03	4.6178009e-04	2.2333213e-06	-9.1802645e-04
2.4000000e+28	4.0431547e-01	4.5805415e-01	8.1069066e-01	2.8953924e-01	3.8985512e-03	9.3106086e-04	8.7956802e-05	1.8491934e-06	4.3062261e-06	7.7736210e-03	4.5954163e-04	2.2224954e-06	-5.6054451e-04
3.8037436e+28	4.0296965e-01	4.5717576e-01	8.1718221e-01	2.8788190e-01	3.8777807e-03	9.2538559e-04	8.7520440e-05	1.8379217e-06	4.2848625e-06	7.7354020e-03	4.5728217e-04	2.2115679e-06	-1.9660436e-04
6.0285274e+28	4.0163724e-01	4.5630238e-01	8.2383256e-01	2.8623185e-01	3.8571942e-03	9.1974179e-04	8.7087532e-05	1.8267124e-06	4.2636680e-06	7.6968187e-03	4.5500118e-04	2.2005363e-06	1.7397967e-04
9.5545720e+28	4.0031800e-01	4.5543398e-01	8.3064830e-01	2.8458878e-01	3.8367876e-03	9.1412825e-04	8.6657999e-05	1.8155633e-06	4.2426388e-06	7.6578616e-03	4.5269810e-04	2.1893978e-06	5.5140992e-04
1.5142976e+29	3.9901171e-01	4.5457050e-01	8.3763643e-01	2.8295234e-01	3.8165569e-03	9.0854376e-04	8.6231763e-05	1.8044718e-06	4.2217710e-06	7.6185210e-03	4.5037234e-04	2.1781497e-06	9.3590650e-04
2.4000000e+29	3.9771818e-01	4.5371191e-01	8.4480435e-01	2.8132219e-01	3.7964980e-03	9.0298710e-04	8.5808748e-05	1.7934357e-06	4.2010608e-06	7.5787864e-03	4.4802330e-04	2.1667889e-06	1.3277085e-03
3.8037436e+29	3.9643719e-01	4.5285816e-01	8.5215991e-01	2.7969800e-01	3.7766071e-03	8.9745702e-04	8.5388874e-05	1.7824523e-06	4.1805045e-06	7.5386469e-03	4.4565032e-04	2.1553124e-06	1.7270754e-03
6.0285274e+29	3.9516854e-01	4.5200920e-01	8.5971147e-01	2.7807941e-01	3.7568801e-03	8.9195228e-04	8.4972067e-05	1.7715192e-06	4.1600983e-06	7.4980909e-03	4.4325272e-04	2.1437169e-06	2.1342884e-03
9.5545720e+29	3.9391203e-01	4.5116498e-01	8.6746791e-01	2.7646606e-01	3.7373132e-03	8.8647161e-04	8.4558249e-05	1.7606340e-06	4.1398384e-06	7.4571064e-03	4.4082980e-04	2.1319988e-06	2.5496523e-03
1.5142976e+30	3.9266748e-01	4.5032548e-01	8.7543868e-01	2.7485759e-01	3.7179025e-03	8.8101372e-04	8.4147344e-05	1.7497940e-06	4.1197211e-06	7.4156806e-03	4.3838079e-04	2.1201546e-06	2.9734970e-03
2.4000000e+30	3.9143470e-01	4.4949064e-01	8.8363386e-01	2.7325363e-01	3.6986441e-03	8.7557732e-04	8.3739274e-05	1.7389967e-06	4.0997427e-06	7.3738001e-03	4.3590490e-04	2.1081803e-06	3.4061799e-03
3.8037436e+30	3.9021349e-01	4.4866042e-01	8.9206420e-01	2.7165379e-01	3.6795340e-03	8.7016105e-04	8.3333963e-05	1.7282393e-06	4.0798993e-06	7.3314506e-03	4.3340129e-04	2.0960721e-06	3.8480881e-03
6.0285274e+30	3.8900369e-01	4.4783478e-01	9.0074119e-01	2.7005770e-01	3.6605685e-03	8.6476357e-04	8.2931333e-05	1.7175193e-06	4.0601872e-06	7.2886173e-03	4.3086908e-04	2.0838255e-06	4.2996405e-03
9.5545720e+30	3.8780511e-01	4.4701368e-01	9.0967713e-01	2.6846493e-01	3.6417437e-03	8.5938348e-04	8.2531307e-05	1.7068338e-06	4.0406026e-06	7.2452843e-03	4.2830733e-04	2.0714360e-06	4.7612912e-03
1.5142976e+31	3.8661759e-01	4.4619708e-01	9.1888518e-01	2.6687509e-01	3.6230555e-03	8.5401935e-04	8.2133805e-05	1.6961801e-06	4.0211416e-06	7.2014349e-03	4.2571506e-04	2.0588989e-06	5.2335322e-03
2.4000000e+31	3.8544095e-01	4.4538494e-01	9.2837947e-01	2.6528774e-01	3.6045002e-03	8.4866971e-04	8.1738750e-05	1.6855551e-06	4.0018003e-06	7.1570514e-03	4.2309122e-04	2.0462092e-06	5.7168973e-03
3.8037436e+31	3.8427503e-01	4.4457723e-01	9.3817518e-01	2.6370244e-01	3.5860737e-03	8.4333305e-04	8.1346059e-05	1.6749558e-06	3.9825748e-06	7.1121152e-03	4.2043471e-04	2.0333614e-06	6.2119655e-03
6.0285274e+31	3.8311967e-01	4.4377389e-01	9.4828864e-01	2.6211874e-01	3.5677720e-03	8.3800780e-04	8.0955652e-05	1.6643793e-06	3.9634611e-06	7.0666062e-03	4.1774434e-04	2.0203499e-06	6.7193662e-03
9.5545720e+31	3.8197472e-01	4.4297490e-01	9.5873745e-01	2.6053614e-01	3.5495911e-03	8.3269235e-04	8.0567446e-05	1.6538222e-06	3.9444551e-06	7.0205036e-03	4.1501888e-04	2.0071686e-06	7.2397833e-03
1.5142976e+32	3.8084001e-01	4.4218021e-01	9.6954061e-01	2.5895417e-01	3.5315269e-03	8.2738502e-04	8.0181356e-05	1.6432812e-06	3.9255528e-06	6.9737849e-03	4.1225700e-04	1.9938113e-06	7.7739617e-03
2.4000000e+32	3.7971540e-01	4.4138979e-01	9.8071865e-01	2.5737229e-01	3.5135752e-03	8.2208406e-04	7.9797295e-05	1.6327529e-06	3.9067498e-06	6.9264263e-03	4.0945730e-04	1.9802710e-06	8.3227129e-03
3.8037436e+32	3.7860073e-01	4.4060361e-01	9.9229382e-01	2.5578996e-01	3.4957317e-03	8.1678764e-04	7.9415174e-05	1.6222336e-06	3.8880418e-06	6.8784024e-03	4.0661827e-04	1.9665405e-06	8.8869229e-03
6.0285273e+32	3.7749587e-01	4.3982162e-01	1.0042903e+00	2.5420662e-01	3.4779921e-03	8.1149388e-04	7.9034903e-05	1.6117196e-06	3.8694243e-06	6.8296863e-03	4.0373832e-04	1.9526121e-06	9.4675600e-03
9.5545720e+32	3.7640067e-01	4.3904379e-01	1.0167343e+00	2.5262166e-01	3.4603519e-03	8.0620075e-04	7.8656386e-05	1.6012068e-06	3.8508927e-06	6.7802491e-03	4.0081574e-04	1.9384775e-06	1.0065684e-02
1.5142976e+33	3.7531500e-01	4.3827009e-01	1.0296544e+00	2.5103444e-01	3.4428064e-03	8.0090618e-04	7.8279527e-05	1.5906912e-06	3.8324423e-06	6.7300598e-03	3.9784871e-04	1.9241280e-06	1.0682458e-02
2.4000000e+33	3.7423871e-01	4.3750048e-01	1.0430819e+00	2.4944431e-01	3.4253509e-03	7.9560794e-04	7.7904224e-05	1.5801683e-06	3.8140680e-06	6.6790855e-03	3.9483528e-04	1.9095540e-06	1.1319160e-02
3.8037436e+33	3.7317167e-01	4.3673493e-01	1.0570510e+00	2.4785054e-01	3.4079805e-03	7.9030369e-04	7.7530371e-05	1.5696334e-06	3.7957648e-06	6.6272906e-03	3.9177334e-04	1.8947455e-06	1.1977195e-02
6.0285273e+33	3.7211376e-01	4.3597340e-01	1.0715992e+00	2.4625238e-01	3.3906900e-03	7.8499095e-04	7.7157858e-05	1.5590817e-06	3.7775272e-06	6.5746371e-03	3.8866064e-04	1.8796915e-06	1.2658115e-02
9.5545720e+33	3.7106485e-01	4.3521587e-01	1.0867677e+00	2.4464902e-01	3.3734740e-03	7.7966707e-04	7.6786569e-05	1.5485079e-06	3.7593495e-06	6.5210840e-03	3.8549477e-04	1.8643802e-06	1.3363636e-02
1.5142976e+34	3.7002480e-01	4.3446229e-01	1.1026021e+00	2.4303961e-01	3.3563270e-03	7.7432924e-04	7.6416382e-05	1.5379063e-06	3.7412257e-06	6.4665869e-03	3.8227309e-04	1.8487992e-06	1.4095661e-02
2.4000000e+34	3.6899350e-01	4.3371265e-01	1.1191526e+00	2.4142321e-01	3.3392430e-03	7.6897444e-04	7.6047169e-05	1.5272711e-06	3.7231496e-06	6.4110982e-03	3.7899280e-04	1.8329346e-06	1.4856302e-02
3.8037436e+34	3.6797083e-01	4.3296690e-01	1.1364752e+00	2.3979883e-01	3.3222157e-03	7.6359942e-04	7.5678791e-05	1.5165957e-06	3.7051144e-06	6.3545659e-03	3.7565082e-04	1.8167716e-06	1.5647916e-02
6.0285273e+34	3.6695668e-01	4.3222502e-01	1.1546320e+00	2.3816539e-01	3.3052385e-03	7.5820069e-04	7.5311103e-05	1.5058732e-06	3.6871130e-06	6.2969339e-03	3.7224383e-04	1.8002943e-06	1.6473134e-02
9.5545719e+34	3.6595091e-01	4.3148697e-01	1.1736923e+00	2.3652172e-01	3.2883043e-03	7.5277447e-04	7.4943947e-05	1.4950961e-06	3.6691377e-06	6.2381410e-03	3.6876822e-04	1.7834851e-06	1.7334910e-02
1.5142976e+35	3.6495343e-01	4.3075273e-01	1.1937339e+00	2.3486656e-01	3.2714055e-03	7.4731664e-04	7.4577156e-05	1.4842562e-06	3.6511801e-06	6.1781204e-03	3.6522003e-04	1.7663249e-06	1.8236562e-02
2.4000000e+35	3.6396413e-01	4.3002228e-01	1.2148443e+00	2.3319852e-01	3.2545339e-03	7.4182274e-04	7.4210545e-05	1.4733447e-06	3.6332315e-06	6.1167990e-03	3.6159495e-04	1.7487928e-06	1.9181838e-02
3.8037436e+35	3.6298288e-01	4.2929557e-01	1.2371224e+00	2.3151609e-01	3.2376805e-03	7.3628786e-04	7.3843918e-05	1.4623518e-06	3.6152820e-06	6.0540968e-03	3.5788825e-04	1.7308660e-06	2.0174984e-02
6.0285273e+35	3.6200960e-01	4.2857259e-01	1.2606802e+00	2.2981760e-01	3.2208358e-03	7.3070662e-04	7.3477055e-05	1.4512668e-06	3.5973210e-06	5.9899254e-03	3.5409469e-04	1.7125191e-06	2.1220828e-02
9.5545719e+35	3.6104417e-01	4.2785330e-01	1.2856458e+00	2.2810120e-01	3.2039890e-03	7.2507308e-04	7.3109720e-05	1.4400779e-06	3.5793368e-06	5.9241873e-03	3.5020853e-04	1.6937243e-06	2.2324889e-02
1.5142976e+36	3.6008650e-01	4.2713769e-01	1.3121656e+00	2.2636485e-01	3.1871286e-03	7.1938062e-04	7.2741647e-05	1.4287721e-06	3.5613166e-06	5.8567745e-03	3.4622336e-04	1.6744507e-06	2.3493493e-02
2.4000000e+36	3.5913649e-01	4.2642573e-01	1.3404085e+00	2.2460627e-01	3.1702415e-03	7.1362191e-04	7.2372543e-05	1.4173346e-06	3.5432458e-06	5.7875665e-03	3.4213208e-04	1.6546639e-06	2.4733938e-02
3.8037436e+36	3.5819403e-01	4.2571739e-01	1.3705705e+00	2.2282291e-01	3.1533131e-03	7.0778870e-04	7.2002080e-05	1.4057492e-06	3.5251085e-06	5.7164289e-03	3.3792673e-04	1.6343254e-06	2.6054679e-02
6.0285273e+36	3.5725905e-01	4.2501265e-01	1.4028801e+00	2.2101189e-01	3.1363273e-03	7.0187170e-04	7.1629886e-05	1.3939973e-06	3.5068865e-06	5.6432105e-03	3.3359837e-04	1.6133921e-06	2.7465564e-02
9.5545719e+36	3.5633143e-01	4.2431150e-01	1.4376061e+00	2.1916996e-01	3.1192655e-03	6.9586038e-04	7.1255539e-05	1.3820582e-06	3.4885591e-06	5.5677406e-03	3.2913692e-04	1.5918150e-06	2.8978133e-02
1.5142976e+37	3.5541111e-01	4.2361391e-01	1.4750670e+00	2.1729339e-01	3.1021066e-03	6.8974270e-04	7.0878559e-05	1.3699077e-06	3.4701027e-06	5.4898255e-03	3.2453092e-04	1.5695389e-06	3.0605988e-02
2.4000000e+37	3.5449798e-01	4.2291986e-01	1.5156435e+00	2.1537793e-01	3.0848261e-03	6.8350484e-04	7.0498386e-05	1.3575186e-06	3.4514901e-06	5.4092438e-03	3.1976729e-04	1.5465004e-06	3.2365265e-02
3.8037436e+37	3.5359197e-01	4.2222934e-01	1.5597952e+00	2.1341864e-01	3.0673957e-03	6.7713076e-04	7.0114373e-05	1.3448590e-06	3.4326894e-06	5.3257409e-03	3.1483098e-04	1.5226268e-06	3.4275231e-02
6.0285273e+37	3.5269300e-01	4.2154234e-01	1.6080827e+00	2.1140977e-01	3.0497819e-03	6.7060172e-04	6.9725753e-05	1.3318916e-06	3.4136632e-06	5.2390219e-03	3.0970455e-04	1.4978337e-06	3.6359052e-02
9.5545719e+37	3.5180099e-01	4.2085885e-01	1.6611988e+00	2.0934458e-01	3.0319450e-03	6.6389561e-04	6.9331616e-05	1.3185725e-06	3.3943669e-06	5.1487420e-03	3.0436762e-04	1.4720225e-06	3.8644773e-02
1.5142976e+38	3.5091587e-01	4.2017885e-01	1.7200108e+00	2.0721504e-01	3.0138371e-03	6.5698603e-04	6.8930861e-05	1.3048492e-06	3.3747465e-06	5.0544948e-03	2.9879617e-04	1.4450771e-06	4.1166567e-02
2.4000000e+38	3.5003756e-01	4.1950235e-01	1.7856221e+00	2.0501153e-01	2.9953994e-03	6.4984114e-04	6.8522143e-05	1.2906587e-06	3.3547364e-06	4.9557958e-03	2.9296155e-04	1.4168590e-06	4.3966313e-02
3.8037436e+38	3.4916601e-01	4.1882936e-01	1.8594617e+00	2.0272236e-01	2.9765590e-03	6.4242195e-04	6.8103789e-05	1.2759233e-06	3.3342544e-06	4.8520607e-03	2.8682922e-04	1.3872010e-06	4.7095512e-02
6.0285273e+38	3.4830116e-01	4.1815987e-01	1.9434200e+00	2.0033317e-01	2.9572236e-03	6.3467999e-04	6.7673675e-05	1.2605469e-06	3.3131967e-06	4.7425751e-03	2.8035696e-04	1.3558990e-06	5.0617443e-02
9.5545719e+38	3.4744296e-01	4.1749392e-01	2.0400602e+00	1.9782602e-01	2.9372734e-03	6.2655393e-04	6.7229053e-05	1.2444076e-06	3.2914287e-06	4.6264524e-03	2.7349234e-04	1.3226994e-06	5.4609034e-02
1.5142976e+39	3.4659137e-01	4.1683155e-01	2.1529621e+00	1.9517817e-01	2.9165490e-03	6.1796451e-04	6.6766266e-05	1.2273480e-06	3.2687714e-06	4.5025712e-03	2.6616909e-04	1.2872818e-06	5.9160723e-02
2.4000000e+39	3.4574636e-01	4.1617279e-01	2.2873091e+00	1.9236029e-01	2.8948318e-03	6.0880663e-04	6.6280290e-05	1.2091594e-06	3.2449788e-06	4.3694845e-03	2.5830166e-04	1.2492323e-06	6.4368938e-02
3.8037436e+39	3.4490794e-01	4.1551775e-01	2.4509511e+00	1.8933399e-01	2.8718091e-03	5.9893679e-04	6.5763951e-05	1.1895568e-06	3.2196996e-06	4.2252781e-03	2.4977689e-04	1.2080037e-06	7.0304222e-02
6.0285273e+39	3.4407611e-01	4.1486653e-01	2.6564794e+00	1.8604851e-01	2.8470108e-03	5.8815162e-04	6.5206461e-05	1.1681362e-06	3.1924058e-06	4.0673494e-03	2.4044093e-04	1.1628519e-06	7.6897659e-02
9.5545719e+39	3.4325095e-01	4.1421932e-01	2.9256898e+00	1.8243784e-01	2.8196805e-03	5.7614959e-04	6.4590467e-05	1.1442988e-06	3.1622477e-06	3.8920520e-03	2.3007822e-04	1.1127344e-06	8.3527650e-02
1.5142976e+40	3.4243257e-01	4.1357639e-01	3.3005318e+00	1.7842663e-01	2.7884795e-03	5.6245837e-04	6.3885272e-05	1.1171065e-06	3.1277225e-06	3.6941581e-03	2.1837973e-04	1.0561566e-06	8.7314096e-02
