8.74348e+09	-1.79769e+308
9.53776e+09	-1.79769e+308
1.04042e+10	-1.79769e+308
1.13493e+10	-1.79769e+308
1.23803e+10	-1.79769e+308
1.3505e+10	-1.79769e+308
1.47318e+10	-1.79769e+308
1.607e+10	-1.79769e+308
1.75298e+10	-1.79769e+308
1.91223e+10	-1.79769e+308
2.08594e+10	-1.79769e+308
2.27543e+10	-1.79769e+308
2.48213e+10	-1.79769e+308
2.70761e+10	-1.79769e+308
2.95358e+10	-1.79769e+308
3.22188e+10	-1.79769e+308
3.51457e+10	-1.79769e+308
3.83383e+10	-1.79769e+308
4.18211e+10	-1.79769e+308
4.56202e+10	-1.79769e+308
4.97644e+10	-1.79769e+308
5.4285e+10	-1.79769e+308
5.92164e+10	-1.79769e+308
6.45957e+10	-1.79769e+308
7.04637e+10	-1.79769e+308
7.68647e+10	-3589.75
8.38472e+10	-3614.42
9.14641e+10	-3626.79
9.97728e+10	-3629.3
1.08836e+11	-3623.9
1.18723e+11	-3612.16
1.29508e+11	-3595.35
1.41273e+11	-3574.5
1.54106e+11	-3550.46
1.68106e+11	-3523.92
1.83377e+11	-3495.42
2.00035e+11	-3465.45
2.18206e+11	-3434.38
2.38029e+11	-3402.51
2.59652e+11	-3370.12
2.83239e+11	-3337.41
3.08969e+11	-3304.56
3.37036e+11	-3271.71
3.67653e+11	-3238.99
4.01051e+11	-3206.48
4.37483e+11	-3174.27
4.77225e+11	-3142.41
5.20576e+11	-3110.97
5.67866e+11	-3079.98
6.19452e+11	-3049.48
6.75724e+11	-3019.49
7.37108e+11	-2990.02
8.04068e+11	-2961.09
8.77111e+11	-2932.72
9.5679e+11	-2904.9
1.04371e+12	-2877.64
1.13852e+12	-2850.93
1.24194e+12	-2824.79
1.35476e+12	-2799.19
1.47783e+12	-2774.14
1.61208e+12	-2749.62
1.75852e+12	-2725.65
1.91827e+12	-2702.19
2.09253e+12	-2679.25
2.28262e+12	-2656.81
2.48998e+12	-2634.87
2.71617e+12	-2613.42
2.96291e+12	-2592.44
3.23207e+12	-2571.93
3.52567e+12	-2551.88
3.84595e+12	-2532.27
4.19532e+12	-2513.09
4.57643e+12	-2494.35
4.99216e+12	-2476.01
5.44566e+12	-2458.09
5.94035e+12	-2440.56
6.47998e+12	-2423.41
7.06864e+12	-2406.65
7.71076e+12	-2390.25
8.41122e+12	-2374.21
9.17531e+12	-2358.53
1.00088e+13	-2343.18
1.0918e+13	-2328.17
1.19098e+13	-2313.49
1.29917e+13	-2299.12
1.41719e+13	-2285.06
1.54593e+13	-2271.31
1.68637e+13	-2257.85
1.83956e+13	-2244.69
2.00667e+13	-2231.8
2.18896e+13	-2219.19
2.38781e+13	-2206.85
2.60472e+13	-2194.77
2.84134e+13	-2182.95
3.09945e+13	-2171.37
3.38101e+13	-2160.04
3.68814e+13	-2148.96
4.02318e+13	-2138.1
4.38865e+13	-2127.47
4.78733e+13	-2117.07
5.22222e+13	-2106.89
5.69661e+13	-2096.91
6.2141e+13	-2087.15
6.7786e+13	-2077.59
7.39438e+13	-2068.23
8.06609e+13	-2059.07
8.79883e+13	-2050.09
9.59813e+13	-2041.31
1.047e+14	-2032.71
1.14212e+14	-2024.28
1.24587e+14	-2016.04
1.35904e+14	-2007.96
1.4825e+14	-2000.05
1.61717e+14	-1992.31
1.76408e+14	-1984.73
1.92433e+14	-1977.31
2.09914e+14	-1970.05
2.28983e+14	-1962.94
2.49784e+14	-1955.97
2.72475e+14	-1949.16
2.97227e+14	-1942.48
3.24228e+14	-1935.95
3.53681e+14	-1929.56
3.8581e+14	-1923.3
4.20858e+14	-1917.18
4.59089e+14	-1911.19
5.00794e+14	-1905.32
5.46287e+14	-1899.59
5.95912e+14	-1893.97
6.50046e+14	-1888.48
7.09097e+14	-1883.11
7.73513e+14	-1877.86
8.4378e+14	-1872.72
9.2043e+14	-1867.7
1.00404e+15	-1862.79
1.09525e+15	-1857.99
1.19475e+15	-1853.3
1.30328e+15	-1848.72
1.42167e+15	-1844.24
1.55082e+15	-1839.86
1.6917e+15	-1835.58
1.84537e+15	-1831.41
2.01301e+15	-1827.34
2.19588e+15	-1823.36
2.39535e+15	-1819.48
2.61295e+15	-1815.69
2.85032e+15	-1811.99
3.10924e+15	-1808.39
3.39169e+15	-1804.88
3.6998e+15	-1801.46
4.0359e+15	-1798.12
4.40252e+15	-1794.87
4.80246e+15	-1791.71
5.23872e+15	-1788.63
5.71461e+15	-1785.64
6.23374e+15	-1782.73
6.80002e+15	-1779.9
7.41774e+15	-1777.15
8.09158e+15	-1774.47
8.82664e+15	-1771.88
9.62846e+15	-1769.37
1.05031e+16	-1766.93
1.14572e+16	-1764.57
1.2498e+16	-1762.28
1.36334e+16	-1760.06
1.48719e+16	-1757.92
1.62229e+16	-1755.86
1.76966e+16	-1753.86
1.93041e+16	-1751.93
2.10578e+16	-1750.08
2.29707e+16	-1748.29
2.50574e+16	-1746.58
2.73336e+16	-1744.93
2.98167e+16	-1743.34
3.25253e+16	-1741.83
3.54799e+16	-1740.38
3.8703e+16	-1739
4.22188e+16	-1737.68
4.6054e+16	-1736.43
5.02376e+16	-1735.24
5.48013e+16	-1734.11
5.97796e+16	-1733.05
6.521e+16	-1732.05
7.11338e+16	-1731.11
7.75957e+16	-1730.23
8.46446e+16	-1729.42
9.23339e+16	-1728.66
1.00722e+17	-1727.97
1.09871e+17	-1727.33
1.19852e+17	-1726.76
1.3074e+17	-1726.24
1.42616e+17	-1725.78
1.55572e+17	-1725.38
1.69704e+17	-1725.04
1.85121e+17	-1724.75
2.01937e+17	-1724.53
2.20282e+17	-1724.36
2.40292e+17	-1724.24
2.62121e+17	-1724.19
2.85932e+17	-1724.19
3.11907e+17	-1724.24
3.40241e+17	-1724.35
3.71149e+17	-1724.52
4.04865e+17	-1724.74
4.41644e+17	-1725.02
4.81763e+17	-1725.35
5.25527e+17	-1725.74
5.73267e+17	-1726.18
6.25344e+17	-1726.67
6.82151e+17	-1727.22
7.44118e+17	-1727.83
8.11715e+17	-1728.48
8.85453e+17	-1729.19
9.65889e+17	-1729.96
1.05363e+18	-1730.78
1.14935e+18	-1731.65
1.25375e+18	-1732.57
1.36765e+18	-1733.55
1.49189e+18	-1734.58
1.62741e+18	-1735.67
1.77525e+18	-1736.81
1.93651e+18	-1738
2.11243e+18	-1739.24
2.30433e+18	-1740.54
2.51366e+18	-1741.89
2.742e+18	-1743.29
2.99109e+18	-1744.75
3.2628e+18	-1746.26
3.5592e+18	-1747.82
3.88253e+18	-1749.44
4.23522e+18	-1751.11
4.61996e+18	-1752.83
5.03964e+18	-1754.61
5.49745e+18	-1756.44
5.99685e+18	-1758.32
6.54161e+18	-1760.25
7.13586e+18	-1762.24
7.78409e+18	-1764.29
8.49121e+18	-1766.38
9.26257e+18	-1768.54
1.0104e+19	-1770.74
1.10219e+19	-1773
1.20231e+19	-1775.32
1.31153e+19	-1777.69
1.43067e+19	-1780.11
1.56064e+19	-1782.59
1.70241e+19	-1785.12
1.85706e+19	-1787.71
2.02575e+19	-1790.36
2.20978e+19	-1793.06
2.41052e+19	-1795.82
2.62949e+19	-1798.63
2.86836e+19	-1801.5
3.12893e+19	-1804.43
3.41316e+19	-1807.42
3.72322e+19	-1810.46
4.06144e+19	-1813.56
4.43039e+19	-1816.72
4.83286e+19	-1819.93
5.27188e+19	-1823.21
5.75079e+19	-1826.54
6.2732e+19	-1829.94
6.84306e+19	-1833.39
7.4647e+19	-1836.9
8.14281e+19	-1840.48
8.88251e+19	-1844.11
9.68941e+19	-1847.81
1.05696e+20	-1851.57
1.15298e+20	-1855.39
1.25772e+20	-1859.27
1.37197e+20	-1863.22
1.4966e+20	-1867.23
1.63255e+20	-1871.3
1.78086e+20	-1875.44
1.94263e+20	-1879.64
2.11911e+20	-1883.91
2.31161e+20	-1888.24
2.5216e+20	-1892.65
2.75067e+20	-1897.11
3.00054e+20	-1901.65
3.27312e+20	-1906.26
3.57045e+20	-1910.93
3.8948e+20	-1915.67
4.24861e+20	-1920.49
4.63456e+20	-1925.37
5.05557e+20	-1930.33
5.51482e+20	-1935.36
6.0158e+20	-1940.46
6.56228e+20	-1945.63
7.15841e+20	-1950.88
7.80869e+20	-1956.21
8.51805e+20	-1961.61
9.29184e+20	-1967.08
1.01359e+21	-1972.64
1.10567e+21	-1978.27
1.20611e+21	-1983.98
1.31567e+21	-1989.77
1.43519e+21	-1995.65
1.56557e+21	-2001.6
1.70779e+21	-2007.64
1.86292e+21	-2013.76
2.03216e+21	-2019.96
2.21676e+21	-2026.25
2.41813e+21	-2032.63
2.6378e+21	-2039.09
2.87742e+21	-2045.65
3.13881e+21	-2052.29
3.42395e+21	-2059.02
3.73499e+21	-2065.85
4.07428e+21	-2072.77
4.44439e+21	-2079.78
4.84813e+21	-2086.89
5.28854e+21	-2094.1
5.76896e+21	-2101.4
6.29302e+21	-2108.8
6.86469e+21	-2116.31
7.48829e+21	-2123.91
8.16854e+21	-2131.62
8.91058e+21	-2139.43
9.72003e+21	-2147.35
1.0603e+22	-2155.38
1.15662e+22	-2163.51
1.26169e+22	-2171.76
1.3763e+22	-2180.12
1.50133e+22	-2188.59
1.63771e+22	-2197.18
1.78649e+22	-2205.88
1.94877e+22	-2214.71
2.1258e+22	-2223.65
2.31891e+22	-2232.72
2.52957e+22	-2241.91
2.75936e+22	-2251.23
3.01002e+22	-2260.68
3.28346e+22	-2270.26
3.58173e+22	-2279.96
3.9071e+22	-2289.81
4.26203e+22	-2299.79
4.6492e+22	-2309.91
5.07154e+22	-2320.17
5.53225e+22	-2330.57
6.03481e+22	-2341.12
6.58302e+22	-2351.82
7.18103e+22	-2362.67
7.83337e+22	-2373.67
8.54496e+22	-2384.83
9.3212e+22	-2396.15
1.0168e+23	-2407.62
1.10916e+23	-2419.27
1.20992e+23	-2431.07
1.31983e+23	-2443.05
1.43973e+23	-2455.21
1.57052e+23	-2467.53
1.71318e+23	-2480.04
1.86881e+23	-2492.73
2.03858e+23	-2505.61
2.22377e+23	-2518.68
2.42578e+23	-2531.94
2.64614e+23	-2545.39
2.88652e+23	-2559.05
3.14873e+23	-2572.91
3.43477e+23	-2586.98
3.74679e+23	-2601.26
4.08715e+23	-2615.76
4.45844e+23	-2630.48
4.86345e+23	-2645.43
5.30525e+23	-2660.61
5.78719e+23	-2676.02
6.31291e+23	-2691.67
6.88638e+23	-2707.57
7.51195e+23	-2723.71
8.19435e+23	-2740.11
8.93874e+23	-2756.77
9.75075e+23	-2773.7
1.06365e+24	-2790.9
1.16028e+24	-2808.38
1.26568e+24	-2826.14
1.38065e+24	-2844.19
1.50607e+24	-2862.54
1.64289e+24	-2881.19
1.79213e+24	-2900.15
1.95493e+24	-2919.43
2.13252e+24	-2939.04
2.32624e+24	-2958.97
2.53756e+24	-2979.25
2.76808e+24	-2999.87
3.01954e+24	-3020.86
3.29383e+24	-3042.2
3.59305e+24	-3063.92
3.91945e+24	-3086.03
4.2755e+24	-3108.53
4.66389e+24	-3131.43
5.08757e+24	-3154.74
5.54973e+24	-3178.48
6.05388e+24	-3202.65
6.60382e+24	-3227.26
7.20372e+24	-3252.33
7.85812e+24	-3277.88
8.57197e+24	-3303.9
9.35066e+24	-3330.42
1.02001e+25	-3357.45
1.11267e+25	-3384.99
1.21374e+25	-3413.08
1.324e+25	-3441.72
1.44428e+25	-3470.92
1.57548e+25	-3500.71
1.7186e+25	-3531.09
1.87472e+25	-3562.1
2.04502e+25	-3593.74
2.23079e+25	-3626.03
2.43344e+25	-3659
2.6545e+25	-3692.66
2.89564e+25	-3727.03
3.15868e+25	-3762.14
3.44562e+25	-3798.02
3.75863e+25	-3834.67
4.10007e+25	-3872.14
4.47253e+25	-3910.44
4.87882e+25	-3949.6
5.32202e+25	-3989.65
5.80548e+25	-4030.63
6.33286e+25	-4072.55
6.90814e+25	-4115.45
7.53569e+25	-4159.37
8.22025e+25	-4204.34
8.96699e+25	-4250.4
9.78156e+25	-4297.59
1.06701e+26	-4345.94
1.16394e+26	-4395.51
1.26968e+26	-4446.32
1.38502e+26	-4498.44
1.51083e+26	-4551.91
1.64808e+26	-4606.77
1.79779e+26	-4663.09
1.96111e+26	-4720.92
2.13926e+26	-4780.32
2.33359e+26	-4841.35
2.54558e+26	-4904.08
2.77683e+26	-4968.57
3.02908e+26	-5034.91
3.30424e+26	-5103.17
3.60441e+26	-5173.42
3.93184e+26	-5245.77
4.28901e+26	-5320.28
4.67863e+26	-5397.08
5.10365e+26	-5476.24
5.56727e+26	-5557.9
6.07301e+26	-5642.15
6.62469e+26	-5729.12
7.22649e+26	-5818.94
7.88296e+26	-5911.74
8.59906e+26	-6007.68
9.38021e+26	-6106.91
1.02323e+27	-6209.59
1.11618e+27	-6315.91
1.21758e+27	-6426.04
1.32819e+27	-6540.2
1.44884e+27	-6658.6
1.58046e+27	-6781.46
1.72403e+27	-6909.05
1.88064e+27	-7041.62
2.05148e+27	-7179.46
2.23784e+27	-7322.88
2.44113e+27	-7472.22
2.66289e+27	-7627.82
2.90479e+27	-7790.07
3.16867e+27	-7959.41
3.45651e+27	-8136.26
3.77051e+27	-8321.14
4.11303e+27	-8514.57
4.48666e+27	-8717.12
4.89424e+27	-8929.44
5.33884e+27	-9152.22
5.82382e+27	-9386.19
6.35287e+27	-9632.2
6.92997e+27	-9891.15
7.55951e+27	-10164
8.24622e+27	-10451.9
8.99532e+27	-10756.1
9.81247e+27	-11077.8
1.07039e+28	-11418.6
1.16762e+28	-11780.1
1.27369e+28	-12164.1
1.38939e+28	-12572.7
1.51561e+28	-13008.2
1.65329e+28	-13473.2
1.80348e+28	-13970.5
1.96731e+28	-14503.5
2.14602e+28	-15075.9
2.34097e+28	-15691.8
2.55363e+28	-16356.2
2.7856e+28	-17074.5
3.03865e+28	-17853.1
3.31469e+28	-18699.4
3.6158e+28	-19621.9
3.94426e+28	-1.79769e+308
4.30256e+28	-1.79769e+308
4.69342e+28	-1.79769e+308
5.11977e+28	-1.79769e+308
5.58486e+28	-1.79769e+308
6.0922e+28	-1.79769e+308
6.64563e+28	-1.79769e+308
7.24933e+28	-1.79769e+308
7.90787e+28	-1.79769e+308
8.62623e+28	-1.79769e+308
9.40985e+28	-1.79769e+308
1.02647e+29	-1.79769e+308
1.11971e+29	-1.79769e+308
1.22143e+29	-1.79769e+308
1.33238e+29	-1.79769e+308
1.45342e+29	-1.79769e+308
1.58545e+29	-1.79769e+308
1.72948e+29	-1.79769e+308
1.88658e+29	-1.79769e+308
2.05797e+29	-1.79769e+308
2.24491e+29	-1.79769e+308
2.44885e+29	-1.79769e+308
2.6713e+29	-1.79769e+308
2.91397e+29	-1.79769e+308
3.17868e+29	-1.79769e+308
3.46743e+29	-1.79769e+308
3.78242e+29	-1.79769e+308
4.12602e+29	-1.79769e+308
4.50084e+29	-1.79769e+308
4.9097e+29	-1.79769e+308
5.35571e+29	-1.79769e+308
